1024
1
750	-255	1000
0	-1.5708	0
9.89501	9.89501	9.89501
1	1	1	1
-3.65669e-05 0 9.89501 0 0 9.89501 0 0 -9.89501 0 -3.65669e-05 0 750 -255 1000 1 10

1
-200	0	400
0	0	0
10.01	10.01	10.01
1	1	1	1
10.01 0 0 0 0 10.01 0 0 0 0 10.01 0 -200 0 400 1 0

1
100	0	1200
0	0	0
10.01	10.01	10.01
1	1	1	1
10.01 0 0 0 0 10.01 0 0 0 0 10.01 0 100 0 1200 1 0

1
400	0	1600
0	1.5708	0
10.01	10.01	10.01
1	1	1	1
-3.69918e-05 0 -10.01 0 0 10.01 0 0 10.01 0 -3.69918e-05 0 400 0 1600 1 0

1
1000	0	500
0	-3.14159	0
10.01	10.01	10.01
1	1	1	1
-10.01 0 2.53772e-05 0 0 10.01 0 0 -2.53772e-05 0 -10.01 0 1000 0 500 1 0

1
400	0	-200
0	-1.5708	0
10.01	10.01	10.01
1	1	1	1
-3.69918e-05 0 10.01 0 0 10.01 0 0 -10.01 0 -3.69918e-05 0 400 0 -200 1 0

1
-400	0	-200
0	-1.5708	0
10.01	10.01	10.01
1	1	1	1
-3.69918e-05 0 10.01 0 0 10.01 0 0 -10.01 0 -3.69918e-05 0 -400 0 -200 1 0

1
1000	0	-300
0	0	0
10.01	10.01	10.01
1	1	1	1
10.01 0 0 0 0 10.01 0 0 0 0 10.01 0 1000 0 -300 1 0

1
1600	0	700
0	1.5708	0
10.01	10.01	10.01
1	1	1	1
-3.69918e-05 0 -10.01 0 0 10.01 0 0 10.01 0 -3.69918e-05 0 1600 0 700 1 0

1
2100	0	900
0	-3.14159	0
10.01	10.01	10.01
1	1	1	1
-10.01 0 2.53772e-05 0 0 10.01 0 0 -2.53772e-05 0 -10.01 0 2100 0 900 1 0

1
2500	0	900
0	-3.14159	0
10.01	10.01	10.01
1	1	1	1
-10.01 0 2.53772e-05 0 0 10.01 0 0 -2.53772e-05 0 -10.01 0 2500 0 900 1 0

1
2800	0	1700
0	-3.14159	0
10.01	10.01	10.01
1	1	1	1
-10.01 0 2.53772e-05 0 0 10.01 0 0 -2.53772e-05 0 -10.01 0 2800 0 1700 1 0

1
600	-30.5	1950
0	0	0
1.44	1.44	1.44
1	1	1	1
1.44 0 0 0 0 1.44 0 0 0 0 1.44 0 600 -30.5 1950 1 9

1
2100	0	2000
0	0	0
10.01	10.01	10.01
1	1	1	1
10.01 0 0 0 0 10.01 0 0 0 0 10.01 0 2100 0 2000 1 0

1
504.5	-1.50002	850
0	-1.5708	0
9.89501	9.89501	9.89501
1	1	1	1
-3.65669e-05 0 9.89501 0 0 9.89501 0 0 -9.89501 0 -3.65669e-05 0 504.5 -1.50002 850 1 1

1
504.5	-1.50002	950
0	-1.5708	0
9.89501	9.89501	9.89501
1	1	1	1
-3.65669e-05 0 9.89501 0 0 9.89501 0 0 -9.89501 0 -3.65669e-05 0 504.5 -1.50002 950 1 1

1
504.5	-1.50002	1050
0	-1.5708	0
9.89501	9.89501	9.89501
1	1	1	1
-3.65669e-05 0 9.89501 0 0 9.89501 0 0 -9.89501 0 -3.65669e-05 0 504.5 -1.50002 1050 1 1

1
504.5	-1.50002	1150
0	-1.5708	0
9.89501	9.89501	9.89501
1	1	1	1
-3.65669e-05 0 9.89501 0 0 9.89501 0 0 -9.89501 0 -3.65669e-05 0 504.5 -1.50002 1150 1 1

1
558	-1.50002	805
0	-3.14159	0
9.89501	9.89501	9.89501
1	1	1	1
-9.89501 0 2.50856e-05 0 0 9.89501 0 0 -2.50856e-05 0 -9.89501 0 558 -1.50002 805 1 1

1
558	-1.50002	1194.5
0	-3.14159	0
9.89501	9.89501	9.89501
1	1	1	1
-9.89501 0 2.50856e-05 0 0 9.89501 0 0 -2.50856e-05 0 -9.89501 0 558 -1.50002 1194.5 1 1

1
551	-1.50002	851
0	-3.14159	0
9.89501	9.89501	9.89501
1	1	1	1
-9.89501 0 2.50856e-05 0 0 9.89501 0 0 -2.50856e-05 0 -9.89501 0 551 -1.50002 851 1 3

1
552.5	-1.50002	950
0	-3.14159	0
9.89501	9.89501	9.89501
1	1	1	1
-9.89501 0 2.50856e-05 0 0 9.89501 0 0 -2.50856e-05 0 -9.89501 0 552.5 -1.50002 950 1 3

1
551	-1.50002	1050
0	-3.14159	0
9.89501	9.89501	9.89501
1	1	1	1
-9.89501 0 2.50856e-05 0 0 9.89501 0 0 -2.50856e-05 0 -9.89501 0 551 -1.50002 1050 1 3

1
3350	-30.5	4200
0	1.5708	0
1.44	1.44	1.44
1	1	1	1
-5.3215e-06 0 -1.44 0 0 1.44 0 0 1.44 0 -5.3215e-06 0 3350 -30.5 4200 1 9

1
1800	-30.5	2950
0	0	0
1.44	1.44	1.44
1	1	1	1
1.44 0 0 0 0 1.44 0 0 0 0 1.44 0 1800 -30.5 2950 1 9

1
1950	-30.5	2700
0	1.5708	0
1.44	1.44	1.44
1	1	1	1
-5.3215e-06 0 -1.44 0 0 1.44 0 0 1.44 0 -5.3215e-06 0 1950 -30.5 2700 1 9

1
2100	-30.5	2550
0	-3.14159	0
1.44	1.44	1.44
1	1	1	1
-1.44 0 3.65066e-06 0 0 1.44 0 0 -3.65066e-06 0 -1.44 0 2100 -30.5 2550 1 9

1
1650	-30.5	2700
0	-1.5708	0
1.44	1.44	1.44
1	1	1	1
-5.3215e-06 0 1.44 0 0 1.44 0 0 -1.44 0 -5.3215e-06 0 1650 -30.5 2700 1 9

1
1650	-30.5	2300
0	-1.5708	0
1.44	1.44	1.44
1	1	1	1
-5.3215e-06 0 1.44 0 0 1.44 0 0 -1.44 0 -5.3215e-06 0 1650 -30.5 2300 1 9

1
1650	-30.5	1900
0	-1.5708	0
1.44	1.44	1.44
1	1	1	1
-5.3215e-06 0 1.44 0 0 1.44 0 0 -1.44 0 -5.3215e-06 0 1650 -30.5 1900 1 9

1
1400	-30.5	1950
0	0	0
1.44	1.44	1.44
1	1	1	1
1.44 0 0 0 0 1.44 0 0 0 0 1.44 0 1400 -30.5 1950 1 9

1
1000	-30.5	1950
0	0	0
1.44	1.44	1.44
1	1	1	1
1.44 0 0 0 0 1.44 0 0 0 0 1.44 0 1000 -30.5 1950 1 9

1
2800	-30.5	2150
0	0	0
1.45	1.45	1.45
1	1	1	1
1.45 0 0 0 0 1.45 0 0 0 0 1.45 0 2800 -30.5 2150 1 9

1
350	-30.5	2200
0	1.5708	0
1.44	1.44	1.44
1	1	1	1
-5.3215e-06 0 -1.44 0 0 1.44 0 0 1.44 0 -5.3215e-06 0 350 -30.5 2200 1 9

1
350	-30.5	2600
0	1.5708	0
1.44	1.44	1.44
1	1	1	1
-5.3215e-06 0 -1.44 0 0 1.44 0 0 1.44 0 -5.3215e-06 0 350 -30.5 2600 1 9

1
350	-30.5	3000
0	1.5708	0
1.44	1.44	1.44
1	1	1	1
-5.3215e-06 0 -1.44 0 0 1.44 0 0 1.44 0 -5.3215e-06 0 350 -30.5 3000 1 9

1
350	-30.5	3400
0	1.5708	0
1.44	1.44	1.44
1	1	1	1
-5.3215e-06 0 -1.44 0 0 1.44 0 0 1.44 0 -5.3215e-06 0 350 -30.5 3400 1 9

1
350	-30.5	3800
0	1.5708	0
1.44	1.44	1.44
1	1	1	1
-5.3215e-06 0 -1.44 0 0 1.44 0 0 1.44 0 -5.3215e-06 0 350 -30.5 3800 1 9

1
350	-30.5	4200
0	1.5708	0
1.44	1.44	1.44
1	1	1	1
-5.3215e-06 0 -1.44 0 0 1.44 0 0 1.44 0 -5.3215e-06 0 350 -30.5 4200 1 9

1
350	-30.5	4600
0	1.5708	0
1.44	1.44	1.44
1	1	1	1
-5.3215e-06 0 -1.44 0 0 1.44 0 0 1.44 0 -5.3215e-06 0 350 -30.5 4600 1 9

1
350	-30.5	5000
0	1.5708	0
1.44	1.44	1.44
1	1	1	1
-5.3215e-06 0 -1.44 0 0 1.44 0 0 1.44 0 -5.3215e-06 0 350 -30.5 5000 1 9

1
350	-30.5	5400
0	1.5708	0
1.44	1.44	1.44
1	1	1	1
-5.3215e-06 0 -1.44 0 0 1.44 0 0 1.44 0 -5.3215e-06 0 350 -30.5 5400 1 9

1
350	-30.5	5800
0	-1.5708	0
1.44	1.44	1.44
1	1	1	1
-5.3215e-06 0 1.44 0 0 1.44 0 0 -1.44 0 -5.3215e-06 0 350 -30.5 5800 1 9

1
600	-30.5	5750
0	0	0
1.44	1.44	1.44
1	1	1	1
1.44 0 0 0 0 1.44 0 0 0 0 1.44 0 600 -30.5 5750 1 9

1
1000	-30.5	5750
0	0	0
1.44	1.44	1.44
1	1	1	1
1.44 0 0 0 0 1.44 0 0 0 0 1.44 0 1000 -30.5 5750 1 9

1
1400	-30.5	5750
0	0	0
1.44	1.44	1.44
1	1	1	1
1.44 0 0 0 0 1.44 0 0 0 0 1.44 0 1400 -30.5 5750 1 9

1
1650	-30.5	5500
0	1.5708	0
1.44	1.44	1.44
1	1	1	1
-5.3215e-06 0 -1.44 0 0 1.44 0 0 1.44 0 -5.3215e-06 0 1650 -30.5 5500 1 9

1
1650	-30.5	5100
0	1.5708	0
1.44	1.44	1.44
1	1	1	1
-5.3215e-06 0 -1.44 0 0 1.44 0 0 1.44 0 -5.3215e-06 0 1650 -30.5 5100 1 9

1
1650	-30.5	4700
0	1.5708	0
1.44	1.44	1.44
1	1	1	1
-5.3215e-06 0 -1.44 0 0 1.44 0 0 1.44 0 -5.3215e-06 0 1650 -30.5 4700 1 9

1
1650	-30.5	4300
0	1.5708	0
1.44	1.44	1.44
1	1	1	1
-5.3215e-06 0 -1.44 0 0 1.44 0 0 1.44 0 -5.3215e-06 0 1650 -30.5 4300 1 9

1
1650	-30.5	3900
0	1.5708	0
1.44	1.44	1.44
1	1	1	1
-5.3215e-06 0 -1.44 0 0 1.44 0 0 1.44 0 -5.3215e-06 0 1650 -30.5 3900 1 9

1
1650	-30.5	3500
0	1.5708	0
1.44	1.44	1.44
1	1	1	1
-5.3215e-06 0 -1.44 0 0 1.44 0 0 1.44 0 -5.3215e-06 0 1650 -30.5 3500 1 9

1
1800	-30.5	3250
0	-3.14159	0
1.44	1.44	1.44
1	1	1	1
-1.44 0 3.65066e-06 0 0 1.44 0 0 -3.65066e-06 0 -1.44 0 1800 -30.5 3250 1 9

1
1950	-30.5	3500
0	-1.5708	0
1.44	1.44	1.44
1	1	1	1
-5.3215e-06 0 1.44 0 0 1.44 0 0 -1.44 0 -5.3215e-06 0 1950 -30.5 3500 1 9

1
1950	-30.5	3900
0	-1.5708	0
1.44	1.44	1.44
1	1	1	1
-5.3215e-06 0 1.44 0 0 1.44 0 0 -1.44 0 -5.3215e-06 0 1950 -30.5 3900 1 9

1
1900	-30.5	1750
0	-3.14159	0
1.44	1.44	1.44
1	1	1	1
-1.44 0 3.65066e-06 0 0 1.44 0 0 -3.65066e-06 0 -1.44 0 1900 -30.5 1750 1 9

1
2600	-30.5	4050
0	0	0
1.44	1.44	1.44
1	1	1	1
1.44 0 0 0 0 1.44 0 0 0 0 1.44 0 2600 -30.5 4050 1 9

1
3000	-30.5	4050
0	0	0
1.44	1.44	1.44
1	1	1	1
1.44 0 0 0 0 1.44 0 0 0 0 1.44 0 3000 -30.5 4050 1 9

1
3250	-30.5	4200
0	1.5708	0
1.44	1.44	1.44
1	1	1	1
-5.3215e-06 0 -1.44 0 0 1.44 0 0 1.44 0 -5.3215e-06 0 3250 -30.5 4200 1 9

1
2200	-30.5	4050
0	0	0
1.44	1.44	1.44
1	1	1	1
1.44 0 0 0 0 1.44 0 0 0 0 1.44 0 2200 -30.5 4050 1 9

1
3800	-30.5	4050
0	0	0
1.44	1.44	1.44
1	1	1	1
1.44 0 0 0 0 1.44 0 0 0 0 1.44 0 3800 -30.5 4050 1 9

1
4200	-30.5	4050
0	0	0
1.44	1.44	1.44
1	1	1	1
1.44 0 0 0 0 1.44 0 0 0 0 1.44 0 4200 -30.5 4050 1 9

1
4150	-30.5	3800
0	1.5708	0
1.44	1.44	1.44
1	1	1	1
-5.3215e-06 0 -1.44 0 0 1.44 0 0 1.44 0 -5.3215e-06 0 4150 -30.5 3800 1 9

1
4150	-30.5	3400
0	1.5708	0
1.44	1.44	1.44
1	1	1	1
-5.3215e-06 0 -1.44 0 0 1.44 0 0 1.44 0 -5.3215e-06 0 4150 -30.5 3400 1 9

1
4150	-30.5	3000
0	1.5708	0
1.44	1.44	1.44
1	1	1	1
-5.3215e-06 0 -1.44 0 0 1.44 0 0 1.44 0 -5.3215e-06 0 4150 -30.5 3000 1 9

1
4150	-30.5	2600
0	1.5708	0
1.44	1.44	1.44
1	1	1	1
-5.3215e-06 0 -1.44 0 0 1.44 0 0 1.44 0 -5.3215e-06 0 4150 -30.5 2600 1 9

1
3900	-30.5	2550
0	-3.14159	0
1.44	1.44	1.44
1	1	1	1
-1.44 0 3.65066e-06 0 0 1.44 0 0 -3.65066e-06 0 -1.44 0 3900 -30.5 2550 1 9

1
3500	-30.5	2550
0	-3.14159	0
1.44	1.44	1.44
1	1	1	1
-1.44 0 3.65066e-06 0 0 1.44 0 0 -3.65066e-06 0 -1.44 0 3500 -30.5 2550 1 9

1
3100	-30.5	2550
0	-3.14159	0
1.44	1.44	1.44
1	1	1	1
-1.44 0 3.65066e-06 0 0 1.44 0 0 -3.65066e-06 0 -1.44 0 3100 -30.5 2550 1 9

1
2649.5	-30.5	2400
0	-1.5708	0
1.44	1.44	1.44
1	1	1	1
-5.3215e-06 0 1.44 0 0 1.44 0 0 -1.44 0 -5.3215e-06 0 2649.5 -30.5 2400 1 9

1
2750	-30.5	2400
0	-1.5708	0
1.44	1.44	1.44
1	1	1	1
-5.3215e-06 0 1.44 0 0 1.44 0 0 -1.44 0 -5.3215e-06 0 2750 -30.5 2400 1 9

1
2850	-30.5	2400
0	-1.5708	0
1.44	1.44	1.44
1	1	1	1
-5.3215e-06 0 1.44 0 0 1.44 0 0 -1.44 0 -5.3215e-06 0 2850 -30.5 2400 1 9

1
3000	-30.5	4350
0	0	0
1.44	1.44	1.44
1	1	1	1
1.44 0 0 0 0 1.44 0 0 0 0 1.44 0 3000 -30.5 4350 1 9

1
2600	-30.5	4350
0	0	0
1.44	1.44	1.44
1	1	1	1
1.44 0 0 0 0 1.44 0 0 0 0 1.44 0 2600 -30.5 4350 1 9

1
2200	-30.5	4350
0	0	0
1.44	1.44	1.44
1	1	1	1
1.44 0 0 0 0 1.44 0 0 0 0 1.44 0 2200 -30.5 4350 1 9

1
3200	-30.5	4450
0	0	0
1.44	1.44	1.44
1	1	1	1
1.44 0 0 0 0 1.44 0 0 0 0 1.44 0 3200 -30.5 4450 1 9

1
2800	-30.5	4450
0	0	0
1.44	1.44	1.44
1	1	1	1
1.44 0 0 0 0 1.44 0 0 0 0 1.44 0 2800 -30.5 4450 1 9

1
2400	-30.5	4450
0	0	0
1.44	1.44	1.44
1	1	1	1
1.44 0 0 0 0 1.44 0 0 0 0 1.44 0 2400 -30.5 4450 1 9

1
2000	-30.5	4450
0	0	0
1.44	1.44	1.44
1	1	1	1
1.44 0 0 0 0 1.44 0 0 0 0 1.44 0 2000 -30.5 4450 1 9

1
1950	-30.5	4700
0	1.5708	0
1.44	1.44	1.44
1	1	1	1
-5.3215e-06 0 -1.44 0 0 1.44 0 0 1.44 0 -5.3215e-06 0 1950 -30.5 4700 1 9

1
1950	-30.5	5100
0	1.5708	0
1.44	1.44	1.44
1	1	1	1
-5.3215e-06 0 -1.44 0 0 1.44 0 0 1.44 0 -5.3215e-06 0 1950 -30.5 5100 1 9

1
1950	-30.5	5500
0	1.5708	0
1.44	1.44	1.44
1	1	1	1
-5.3215e-06 0 -1.44 0 0 1.44 0 0 1.44 0 -5.3215e-06 0 1950 -30.5 5500 1 9

1
1950	-30.5	5900
0	1.5708	0
1.44	1.44	1.44
1	1	1	1
-5.3215e-06 0 -1.44 0 0 1.44 0 0 1.44 0 -5.3215e-06 0 1950 -30.5 5900 1 9

1
1950	-30.5	6300
0	1.5708	0
1.44	1.44	1.44
1	1	1	1
-5.3215e-06 0 -1.44 0 0 1.44 0 0 1.44 0 -5.3215e-06 0 1950 -30.5 6300 1 9

1
1950	-30.5	6700
0	1.5708	0
1.44	1.44	1.44
1	1	1	1
-5.3215e-06 0 -1.44 0 0 1.44 0 0 1.44 0 -5.3215e-06 0 1950 -30.5 6700 1 9

1
1950	-30.5	7100
0	1.5708	0
1.44	1.44	1.44
1	1	1	1
-5.3215e-06 0 -1.44 0 0 1.44 0 0 1.44 0 -5.3215e-06 0 1950 -30.5 7100 1 9

1
2200	-30.5	7350
0	-3.14159	0
1.44	1.44	1.44
1	1	1	1
-1.44 0 3.65066e-06 0 0 1.44 0 0 -3.65066e-06 0 -1.44 0 2200 -30.5 7350 1 9

1
2600	-30.5	7350
0	-3.14159	0
1.44	1.44	1.44
1	1	1	1
-1.44 0 3.65066e-06 0 0 1.44 0 0 -3.65066e-06 0 -1.44 0 2600 -30.5 7350 1 9

1
2950	-30.5	7350
0	-3.14159	0
1.44	1.44	1.44
1	1	1	1
-1.44 0 3.65066e-06 0 0 1.44 0 0 -3.65066e-06 0 -1.44 0 2950 -30.5 7350 1 9

1
3350	-30.5	7350
0	-3.14159	0
1.44	1.44	1.44
1	1	1	1
-1.44 0 3.65066e-06 0 0 1.44 0 0 -3.65066e-06 0 -1.44 0 3350 -30.5 7350 1 9

1
3750	-30.5	7350
0	-3.14159	0
1.44	1.44	1.44
1	1	1	1
-1.44 0 3.65066e-06 0 0 1.44 0 0 -3.65066e-06 0 -1.44 0 3750 -30.5 7350 1 9

1
4100	-30.5	7350
0	-3.14159	0
1.44	1.44	1.44
1	1	1	1
-1.44 0 3.65066e-06 0 0 1.44 0 0 -3.65066e-06 0 -1.44 0 4100 -30.5 7350 1 9

1
4500	-30.5	7350
0	-3.14159	0
1.44	1.44	1.44
1	1	1	1
-1.44 0 3.65066e-06 0 0 1.44 0 0 -3.65066e-06 0 -1.44 0 4500 -30.5 7350 1 9

1
4900	-30.5	7350
0	-3.14159	0
1.44	1.44	1.44
1	1	1	1
-1.44 0 3.65066e-06 0 0 1.44 0 0 -3.65066e-06 0 -1.44 0 4900 -30.5 7350 1 9

1
4850	-30.5	7100
0	-1.5708	0
1.44	1.44	1.44
1	1	1	1
-5.3215e-06 0 1.44 0 0 1.44 0 0 -1.44 0 -5.3215e-06 0 4850 -30.5 7100 1 9

1
4850	-30.5	6700
0	-1.5708	0
1.44	1.44	1.44
1	1	1	1
-5.3215e-06 0 1.44 0 0 1.44 0 0 -1.44 0 -5.3215e-06 0 4850 -30.5 6700 1 9

1
5000	-30.5	6450
0	0	0
1.44	1.44	1.44
1	1	1	1
1.44 0 0 0 0 1.44 0 0 0 0 1.44 0 5000 -30.5 6450 1 9

1
5400	-30.5	6450
0	0	0
1.44	1.44	1.44
1	1	1	1
1.44 0 0 0 0 1.44 0 0 0 0 1.44 0 5400 -30.5 6450 1 9

1
5550	-30.5	6700
0	1.5708	0
1.44	1.44	1.44
1	1	1	1
-5.3215e-06 0 -1.44 0 0 1.44 0 0 1.44 0 -5.3215e-06 0 5550 -30.5 6700 1 9

1
5650	-30.5	7100
0	1.5708	0
1.44	1.44	1.44
1	1	1	1
-5.3215e-06 0 -1.44 0 0 1.44 0 0 1.44 0 -5.3215e-06 0 5650 -30.5 7100 1 9

1
7400	-30.5	7350
0	-3.14159	0
1.44	1.44	1.44
1	1	1	1
-1.44 0 3.65066e-06 0 0 1.44 0 0 -3.65066e-06 0 -1.44 0 7400 -30.5 7350 1 9

1
5850	-30.5	7300
0	1.5708	0
1.44	1.44	1.44
1	1	1	1
-5.3215e-06 0 -1.44 0 0 1.44 0 0 1.44 0 -5.3215e-06 0 5850 -30.5 7300 1 9

1
5950	-30.5	7400
0	1.5708	0
1.44	1.44	1.44
1	1	1	1
-5.3215e-06 0 -1.44 0 0 1.44 0 0 1.44 0 -5.3215e-06 0 5950 -30.5 7400 1 9

1
6200	-30.5	7350
0	-3.14159	0
1.44	1.44	1.44
1	1	1	1
-1.44 0 3.65066e-06 0 0 1.44 0 0 -3.65066e-06 0 -1.44 0 6200 -30.5 7350 1 9

1
6600	-30.5	7350
0	-3.14159	0
1.44	1.44	1.44
1	1	1	1
-1.44 0 3.65066e-06 0 0 1.44 0 0 -3.65066e-06 0 -1.44 0 6600 -30.5 7350 1 9

1
7000	-30.5	7350
0	-3.14159	0
1.44	1.44	1.44
1	1	1	1
-1.44 0 3.65066e-06 0 0 1.44 0 0 -3.65066e-06 0 -1.44 0 7000 -30.5 7350 1 9

1
5750	-30.5	7200
0	1.5708	0
1.44	1.44	1.44
1	1	1	1
-5.3215e-06 0 -1.44 0 0 1.44 0 0 1.44 0 -5.3215e-06 0 5750 -30.5 7200 1 9

1
5400	-30.5	6050
0	-3.14159	0
1.44	1.44	1.44
1	1	1	1
-1.44 0 3.65066e-06 0 0 1.44 0 0 -3.65066e-06 0 -1.44 0 5400 -30.5 6050 1 9

1
5550	-30.5	5800
0	-1.5708	0
1.44	1.44	1.44
1	1	1	1
-5.3215e-06 0 1.44 0 0 1.44 0 0 -1.44 0 -5.3215e-06 0 5550 -30.5 5800 1 9

1
5650	-30.5	5400
0	-1.5708	0
1.44	1.44	1.44
1	1	1	1
-5.3215e-06 0 1.44 0 0 1.44 0 0 -1.44 0 -5.3215e-06 0 5650 -30.5 5400 1 9

1
5750	-30.5	5300
0	-1.5708	0
1.44	1.44	1.44
1	1	1	1
-5.3215e-06 0 1.44 0 0 1.44 0 0 -1.44 0 -5.3215e-06 0 5750 -30.5 5300 1 9

1
5850	-30.5	5200
0	-1.5708	0
1.44	1.44	1.44
1	1	1	1
-5.3215e-06 0 1.44 0 0 1.44 0 0 -1.44 0 -5.3215e-06 0 5850 -30.5 5200 1 9

1
5950	-30.5	5100
0	-1.5708	0
1.44	1.44	1.44
1	1	1	1
-5.3215e-06 0 1.44 0 0 1.44 0 0 -1.44 0 -5.3215e-06 0 5950 -30.5 5100 1 9

1
6200	-30.5	5150
0	0	0
1.44	1.44	1.44
1	1	1	1
1.44 0 0 0 0 1.44 0 0 0 0 1.44 0 6200 -30.5 5150 1 9

1
6600	-30.5	5150
0	0	0
1.44	1.44	1.44
1	1	1	1
1.44 0 0 0 0 1.44 0 0 0 0 1.44 0 6600 -30.5 5150 1 9

1
7000	-30.5	5150
0	0	0
1.44	1.44	1.44
1	1	1	1
1.44 0 0 0 0 1.44 0 0 0 0 1.44 0 7000 -30.5 5150 1 9

1
7400	-30.5	5150
0	0	0
1.44	1.44	1.44
1	1	1	1
1.44 0 0 0 0 1.44 0 0 0 0 1.44 0 7400 -30.5 5150 1 9

1
7450	-30.5	5400
0	1.5708	0
1.44	1.44	1.44
1	1	1	1
-5.3215e-06 0 -1.44 0 0 1.44 0 0 1.44 0 -5.3215e-06 0 7450 -30.5 5400 1 9

1
7450	-30.5	5800
0	1.5708	0
1.44	1.44	1.44
1	1	1	1
-5.3215e-06 0 -1.44 0 0 1.44 0 0 1.44 0 -5.3215e-06 0 7450 -30.5 5800 1 9

1
7450	-30.5	6200
0	1.5708	0
1.44	1.44	1.44
1	1	1	1
-5.3215e-06 0 -1.44 0 0 1.44 0 0 1.44 0 -5.3215e-06 0 7450 -30.5 6200 1 9

1
7450	-30.5	6600
0	1.5708	0
1.44	1.44	1.44
1	1	1	1
-5.3215e-06 0 -1.44 0 0 1.44 0 0 1.44 0 -5.3215e-06 0 7450 -30.5 6600 1 9

1
7450	-30.5	7000
0	1.5708	0
1.44	1.44	1.44
1	1	1	1
-5.3215e-06 0 -1.44 0 0 1.44 0 0 1.44 0 -5.3215e-06 0 7450 -30.5 7000 1 9

1
7450	-30.5	7400
0	1.5708	0
1.44	1.44	1.44
1	1	1	1
-5.3215e-06 0 -1.44 0 0 1.44 0 0 1.44 0 -5.3215e-06 0 7450 -30.5 7400 1 9

1
1800	-30.5	3050
0	0	0
1.44	1.44	1.44
1	1	1	1
1.44 0 0 0 0 1.44 0 0 0 0 1.44 0 1800 -30.5 3050 1 9

1
4850	-30.5	5800
0	-1.5708	0
1.44	1.44	1.44
1	1	1	1
-5.3215e-06 0 1.44 0 0 1.44 0 0 -1.44 0 -5.3215e-06 0 4850 -30.5 5800 1 9

1
3800	-30.5	5750
0	0	0
1.44	1.44	1.44
1	1	1	1
1.44 0 0 0 0 1.44 0 0 0 0 1.44 0 3800 -30.5 5750 1 9

1
4200	-30.5	5750
0	0	0
1.44	1.44	1.44
1	1	1	1
1.44 0 0 0 0 1.44 0 0 0 0 1.44 0 4200 -30.5 5750 1 9

1
4600	-30.5	5750
0	0	0
1.44	1.44	1.44
1	1	1	1
1.44 0 0 0 0 1.44 0 0 0 0 1.44 0 4600 -30.5 5750 1 9

1
3650	-30.5	5500
0	1.5708	0
1.44	1.44	1.44
1	1	1	1
-5.3215e-06 0 -1.44 0 0 1.44 0 0 1.44 0 -5.3215e-06 0 3650 -30.5 5500 1 9

1
3650	-30.5	5100
0	1.5708	0
1.44	1.44	1.44
1	1	1	1
-5.3215e-06 0 -1.44 0 0 1.44 0 0 1.44 0 -5.3215e-06 0 3650 -30.5 5100 1 9

1
3650	-30.5	4700
0	1.5708	0
1.44	1.44	1.44
1	1	1	1
-5.3215e-06 0 -1.44 0 0 1.44 0 0 1.44 0 -5.3215e-06 0 3650 -30.5 4700 1 9

1
3650	-30.5	4300
0	1.5708	0
1.44	1.44	1.44
1	1	1	1
-5.3215e-06 0 -1.44 0 0 1.44 0 0 1.44 0 -5.3215e-06 0 3650 -30.5 4300 1 9

1
1400	-30.5	1750
0	-3.14159	0
1.44	1.44	1.44
1	1	1	1
-1.44 0 3.65066e-06 0 0 1.44 0 0 -3.65066e-06 0 -1.44 0 1400 -30.5 1750 1 9

1
1000	-30.5	1750
0	-3.14159	0
1.44	1.44	1.44
1	1	1	1
-1.44 0 3.65066e-06 0 0 1.44 0 0 -3.65066e-06 0 -1.44 0 1000 -30.5 1750 1 9

1
552	-1.50002	1149
0	-3.14159	0
9.89501	9.89501	9.89501
1	1	1	1
-9.89501 0 2.50856e-05 0 0 9.89501 0 0 -2.50856e-05 0 -9.89501 0 552 -1.50002 1149 1 3

1
650	-255	1000
0	-1.5708	0
9.89501	9.89501	9.89501
1	1	1	1
-3.65669e-05 0 9.89501 0 0 9.89501 0 0 -9.89501 0 -3.65669e-05 0 650 -255 1000 1 10

1
2100	-30.5	2450
0	0	0
1.45	1.45	1.45
1	1	1	1
1.45 0 0 0 0 1.45 0 0 0 0 1.45 0 2100 -30.5 2450 1 9

1
5000	-30.5	6050
0	-3.14159	0
1.44	1.44	1.44
1	1	1	1
-1.44 0 3.65066e-06 0 0 1.44 0 0 -3.65066e-06 0 -1.44 0 5000 -30.5 6050 1 9

1
1800	-30.5	3150
0	0	0
1.44	1.44	1.44
1	1	1	1
1.44 0 0 0 0 1.44 0 0 0 0 1.44 0 1800 -30.5 3150 1 9

1
3300	-20	3650
0	1.5708	0
16.48	16.48	16.48
1	1	1	1
9.82284e-07 0 -16.48 0 0 16.48 0 0 16.48 0 9.82284e-07 0 3300 -20 3650 1 21

1
154.5	-20	777
0	-3.14159	0
16.48	16.48	16.48
1	1	1	1
-16.48 0 -1.44073e-06 0 0 16.48 0 0 1.44073e-06 0 -16.48 0 154.5 -20 777 1 16

1
1153.5	-20	1321.5
0	-1.5708	0
16.48	16.48	16.48
1	1	1	1
9.82284e-07 0 16.48 0 0 16.48 0 0 -16.48 0 9.82284e-07 0 1153.5 -20 1321.5 1 17

1
2450	-20	2800
0	0	0
16.48	16.48	16.48
1	1	1	1
16.48 0 0 0 0 16.48 0 0 0 0 16.48 0 2450 -20 2800 1 18

0
3174	-20	3050
0	1.5708	0
16.48	16.48	16.48
1	1	1	1
9.82284e-07 0 -16.48 0 0 16.48 0 0 16.48 0 9.82284e-07 0 3174 -20 3050 1 0

1
3300	-20	3350
0	1.5708	0
16.48	16.48	16.48
1	1	1	1
9.82284e-07 0 -16.48 0 0 16.48 0 0 16.48 0 9.82284e-07 0 3300 -20 3350 1 20

1
3300	-20	3050
0	1.5708	0
16.48	16.48	16.48
1	1	1	1
9.82284e-07 0 -16.48 0 0 16.48 0 0 16.48 0 9.82284e-07 0 3300 -20 3050 1 19

0
0	100	0
0	0	0
1	1	1
1	1	1	1
0 0 0 0 0 0 0 0 0 0 0 0 0 0 0 0 0

0
0	100	0
0	0	0
1	1	1
1	1	1	1
0 0 0 0 0 0 0 0 0 0 0 0 0 0 0 0 0

0
0	100	0
0	0	0
1	1	1
1	1	1	1
0 0 0 0 0 0 0 0 0 0 0 0 0 0 0 0 0

0
0	100	0
0	0	0
1	1	1
1	1	1	1
0 0 0 0 0 0 0 0 0 0 0 0 0 0 0 0 0

0
0	100	0
0	0	0
1	1	1
1	1	1	1
0 0 0 0 0 0 0 0 0 0 0 0 0 0 0 0 0

0
0	100	0
0	0	0
1	1	1
1	1	1	1
0 0 0 0 0 0 0 0 0 0 0 0 0 0 0 0 0

0
0	100	0
0	0	0
1	1	1
1	1	1	1
0 0 0 0 0 0 0 0 0 0 0 0 0 0 0 0 0

0
0	100	0
0	0	0
1	1	1
1	1	1	1
0 0 0 0 0 0 0 0 0 0 0 0 0 0 0 0 0

0
0	100	0
0	0	0
1	1	1
1	1	1	1
0 0 0 0 0 0 0 0 0 0 0 0 0 0 0 0 0

0
0	100	0
0	0	0
1	1	1
1	1	1	1
0 0 0 0 0 0 0 0 0 0 0 0 0 0 0 0 0

0
0	100	0
0	0	0
1	1	1
1	1	1	1
0 0 0 0 0 0 0 0 0 0 0 0 0 0 0 0 0

0
0	100	0
0	0	0
1	1	1
1	1	1	1
0 0 0 0 0 0 0 0 0 0 0 0 0 0 0 0 0

0
0	100	0
0	0	0
1	1	1
1	1	1	1
0 0 0 0 0 0 0 0 0 0 0 0 0 0 0 0 0

0
0	100	0
0	0	0
1	1	1
1	1	1	1
0 0 0 0 0 0 0 0 0 0 0 0 0 0 0 0 0

0
0	100	0
0	0	0
1	1	1
1	1	1	1
0 0 0 0 0 0 0 0 0 0 0 0 0 0 0 0 0

0
0	100	0
0	0	0
1	1	1
1	1	1	1
0 0 0 0 0 0 0 0 0 0 0 0 0 0 0 0 0

0
0	100	0
0	0	0
1	1	1
1	1	1	1
0 0 0 0 0 0 0 0 0 0 0 0 0 0 0 0 0

0
0	100	0
0	0	0
1	1	1
1	1	1	1
0 0 0 0 0 0 0 0 0 0 0 0 0 0 0 0 0

0
0	100	0
0	0	0
1	1	1
1	1	1	1
0 0 0 0 0 0 0 0 0 0 0 0 0 0 0 0 0

0
0	100	0
0	0	0
1	1	1
1	1	1	1
0 0 0 0 0 0 0 0 0 0 0 0 0 0 0 0 0

0
0	100	0
0	0	0
1	1	1
1	1	1	1
0 0 0 0 0 0 0 0 0 0 0 0 0 0 0 0 0

0
0	100	0
0	0	0
1	1	1
1	1	1	1
0 0 0 0 0 0 0 0 0 0 0 0 0 0 0 0 0

0
0	100	0
0	0	0
1	1	1
1	1	1	1
0 0 0 0 0 0 0 0 0 0 0 0 0 0 0 0 0

0
0	100	0
0	0	0
1	1	1
1	1	1	1
0 0 0 0 0 0 0 0 0 0 0 0 0 0 0 0 0

0
0	100	0
0	0	0
1	1	1
1	1	1	1
0 0 0 0 0 0 0 0 0 0 0 0 0 0 0 0 0

0
0	100	0
0	0	0
1	1	1
1	1	1	1
0 0 0 0 0 0 0 0 0 0 0 0 0 0 0 0 0

0
0	100	0
0	0	0
1	1	1
1	1	1	1
0 0 0 0 0 0 0 0 0 0 0 0 0 0 0 0 0

0
0	100	0
0	0	0
1	1	1
1	1	1	1
0 0 0 0 0 0 0 0 0 0 0 0 0 0 0 0 0

0
0	100	0
0	0	0
1	1	1
1	1	1	1
0 0 0 0 0 0 0 0 0 0 0 0 0 0 0 0 0

0
0	100	0
0	0	0
1	1	1
1	1	1	1
0 0 0 0 0 0 0 0 0 0 0 0 0 0 0 0 0

0
0	100	0
0	0	0
1	1	1
1	1	1	1
0 0 0 0 0 0 0 0 0 0 0 0 0 0 0 0 0

0
0	100	0
0	0	0
1	1	1
1	1	1	1
0 0 0 0 0 0 0 0 0 0 0 0 0 0 0 0 0

0
0	100	0
0	0	0
1	1	1
1	1	1	1
0 0 0 0 0 0 0 0 0 0 0 0 0 0 0 0 0

0
0	100	0
0	0	0
1	1	1
1	1	1	1
0 0 0 0 0 0 0 0 0 0 0 0 0 0 0 0 0

0
0	100	0
0	0	0
1	1	1
1	1	1	1
0 0 0 0 0 0 0 0 0 0 0 0 0 0 0 0 0

0
0	100	0
0	0	0
1	1	1
1	1	1	1
0 0 0 0 0 0 0 0 0 0 0 0 0 0 0 0 0

0
0	100	0
0	0	0
1	1	1
1	1	1	1
0 0 0 0 0 0 0 0 0 0 0 0 0 0 0 0 0

0
0	100	0
0	0	0
1	1	1
1	1	1	1
0 0 0 0 0 0 0 0 0 0 0 0 0 0 0 0 0

0
0	100	0
0	0	0
1	1	1
1	1	1	1
0 0 0 0 0 0 0 0 0 0 0 0 0 0 0 0 0

0
0	100	0
0	0	0
1	1	1
1	1	1	1
0 0 0 0 0 0 0 0 0 0 0 0 0 0 0 0 0

0
0	100	0
0	0	0
1	1	1
1	1	1	1
0 0 0 0 0 0 0 0 0 0 0 0 0 0 0 0 0

0
0	100	0
0	0	0
1	1	1
1	1	1	1
0 0 0 0 0 0 0 0 0 0 0 0 0 0 0 0 0

0
0	100	0
0	0	0
1	1	1
1	1	1	1
0 0 0 0 0 0 0 0 0 0 0 0 0 0 0 0 0

0
0	100	0
0	0	0
1	1	1
1	1	1	1
0 0 0 0 0 0 0 0 0 0 0 0 0 0 0 0 0

0
0	100	0
0	0	0
1	1	1
1	1	1	1
0 0 0 0 0 0 0 0 0 0 0 0 0 0 0 0 0

0
0	100	0
0	0	0
1	1	1
1	1	1	1
0 0 0 0 0 0 0 0 0 0 0 0 0 0 0 0 0

0
0	100	0
0	0	0
1	1	1
1	1	1	1
0 0 0 0 0 0 0 0 0 0 0 0 0 0 0 0 0

0
0	100	0
0	0	0
1	1	1
1	1	1	1
0 0 0 0 0 0 0 0 0 0 0 0 0 0 0 0 0

0
0	100	0
0	0	0
1	1	1
1	1	1	1
0 0 0 0 0 0 0 0 0 0 0 0 0 0 0 0 0

0
0	100	0
0	0	0
1	1	1
1	1	1	1
0 0 0 0 0 0 0 0 0 0 0 0 0 0 0 0 0

0
0	100	0
0	0	0
1	1	1
1	1	1	1
0 0 0 0 0 0 0 0 0 0 0 0 0 0 0 0 0

0
0	100	0
0	0	0
1	1	1
1	1	1	1
0 0 0 0 0 0 0 0 0 0 0 0 0 0 0 0 0

0
0	100	0
0	0	0
1	1	1
1	1	1	1
0 0 0 0 0 0 0 0 0 0 0 0 0 0 0 0 0

0
0	100	0
0	0	0
1	1	1
1	1	1	1
0 0 0 0 0 0 0 0 0 0 0 0 0 0 0 0 0

0
0	100	0
0	0	0
1	1	1
1	1	1	1
0 0 0 0 0 0 0 0 0 0 0 0 0 0 0 0 0

0
0	100	0
0	0	0
1	1	1
1	1	1	1
0 0 0 0 0 0 0 0 0 0 0 0 0 0 0 0 0

0
0	100	0
0	0	0
1	1	1
1	1	1	1
0 0 0 0 0 0 0 0 0 0 0 0 0 0 0 0 0

0
0	100	0
0	0	0
1	1	1
1	1	1	1
0 0 0 0 0 0 0 0 0 0 0 0 0 0 0 0 0

0
0	100	0
0	0	0
1	1	1
1	1	1	1
0 0 0 0 0 0 0 0 0 0 0 0 0 0 0 0 0

0
0	100	0
0	0	0
1	1	1
1	1	1	1
0 0 0 0 0 0 0 0 0 0 0 0 0 0 0 0 0

0
0	100	0
0	0	0
1	1	1
1	1	1	1
0 0 0 0 0 0 0 0 0 0 0 0 0 0 0 0 0

0
0	100	0
0	0	0
1	1	1
1	1	1	1
0 0 0 0 0 0 0 0 0 0 0 0 0 0 0 0 0

0
0	100	0
0	0	0
1	1	1
1	1	1	1
0 0 0 0 0 0 0 0 0 0 0 0 0 0 0 0 0

0
0	100	0
0	0	0
1	1	1
1	1	1	1
0 0 0 0 0 0 0 0 0 0 0 0 0 0 0 0 0

0
0	100	0
0	0	0
1	1	1
1	1	1	1
0 0 0 0 0 0 0 0 0 0 0 0 0 0 0 0 0

0
0	100	0
0	0	0
1	1	1
1	1	1	1
0 0 0 0 0 0 0 0 0 0 0 0 0 0 0 0 0

0
0	100	0
0	0	0
1	1	1
1	1	1	1
0 0 0 0 0 0 0 0 0 0 0 0 0 0 0 0 0

0
0	100	0
0	0	0
1	1	1
1	1	1	1
0 0 0 0 0 0 0 0 0 0 0 0 0 0 0 0 0

0
0	100	0
0	0	0
1	1	1
1	1	1	1
0 0 0 0 0 0 0 0 0 0 0 0 0 0 0 0 0

0
0	100	0
0	0	0
1	1	1
1	1	1	1
0 0 0 0 0 0 0 0 0 0 0 0 0 0 0 0 0

0
0	100	0
0	0	0
1	1	1
1	1	1	1
0 0 0 0 0 0 0 0 0 0 0 0 0 0 0 0 0

0
0	100	0
0	0	0
1	1	1
1	1	1	1
0 0 0 0 0 0 0 0 0 0 0 0 0 0 0 0 0

0
0	100	0
0	0	0
1	1	1
1	1	1	1
0 0 0 0 0 0 0 0 0 0 0 0 0 0 0 0 0

0
0	100	0
0	0	0
1	1	1
1	1	1	1
0 0 0 0 0 0 0 0 0 0 0 0 0 0 0 0 0

0
0	100	0
0	0	0
1	1	1
1	1	1	1
0 0 0 0 0 0 0 0 0 0 0 0 0 0 0 0 0

0
0	100	0
0	0	0
1	1	1
1	1	1	1
0 0 0 0 0 0 0 0 0 0 0 0 0 0 0 0 0

0
0	100	0
0	0	0
1	1	1
1	1	1	1
0 0 0 0 0 0 0 0 0 0 0 0 0 0 0 0 0

0
0	100	0
0	0	0
1	1	1
1	1	1	1
0 0 0 0 0 0 0 0 0 0 0 0 0 0 0 0 0

0
0	100	0
0	0	0
1	1	1
1	1	1	1
0 0 0 0 0 0 0 0 0 0 0 0 0 0 0 0 0

0
0	100	0
0	0	0
1	1	1
1	1	1	1
0 0 0 0 0 0 0 0 0 0 0 0 0 0 0 0 0

0
0	100	0
0	0	0
1	1	1
1	1	1	1
0 0 0 0 0 0 0 0 0 0 0 0 0 0 0 0 0

0
0	100	0
0	0	0
1	1	1
1	1	1	1
0 0 0 0 0 0 0 0 0 0 0 0 0 0 0 0 0

0
0	100	0
0	0	0
1	1	1
1	1	1	1
0 0 0 0 0 0 0 0 0 0 0 0 0 0 0 0 0

0
0	100	0
0	0	0
1	1	1
1	1	1	1
0 0 0 0 0 0 0 0 0 0 0 0 0 0 0 0 0

0
0	100	0
0	0	0
1	1	1
1	1	1	1
0 0 0 0 0 0 0 0 0 0 0 0 0 0 0 0 0

0
0	100	0
0	0	0
1	1	1
1	1	1	1
0 0 0 0 0 0 0 0 0 0 0 0 0 0 0 0 0

0
0	100	0
0	0	0
1	1	1
1	1	1	1
0 0 0 0 0 0 0 0 0 0 0 0 0 0 0 0 0

0
0	100	0
0	0	0
1	1	1
1	1	1	1
0 0 0 0 0 0 0 0 0 0 0 0 0 0 0 0 0

0
0	100	0
0	0	0
1	1	1
1	1	1	1
0 0 0 0 0 0 0 0 0 0 0 0 0 0 0 0 0

0
0	100	0
0	0	0
1	1	1
1	1	1	1
0 0 0 0 0 0 0 0 0 0 0 0 0 0 0 0 0

0
0	100	0
0	0	0
1	1	1
1	1	1	1
0 0 0 0 0 0 0 0 0 0 0 0 0 0 0 0 0

0
0	100	0
0	0	0
1	1	1
1	1	1	1
0 0 0 0 0 0 0 0 0 0 0 0 0 0 0 0 0

0
0	100	0
0	0	0
1	1	1
1	1	1	1
0 0 0 0 0 0 0 0 0 0 0 0 0 0 0 0 0

0
0	100	0
0	0	0
1	1	1
1	1	1	1
0 0 0 0 0 0 0 0 0 0 0 0 0 0 0 0 0

0
0	100	0
0	0	0
1	1	1
1	1	1	1
0 0 0 0 0 0 0 0 0 0 0 0 0 0 0 0 0

0
0	100	0
0	0	0
1	1	1
1	1	1	1
0 0 0 0 0 0 0 0 0 0 0 0 0 0 0 0 0

0
0	100	0
0	0	0
1	1	1
1	1	1	1
0 0 0 0 0 0 0 0 0 0 0 0 0 0 0 0 0

0
0	100	0
0	0	0
1	1	1
1	1	1	1
0 0 0 0 0 0 0 0 0 0 0 0 0 0 0 0 0

0
0	100	0
0	0	0
1	1	1
1	1	1	1
0 0 0 0 0 0 0 0 0 0 0 0 0 0 0 0 0

0
0	100	0
0	0	0
1	1	1
1	1	1	1
0 0 0 0 0 0 0 0 0 0 0 0 0 0 0 0 0

0
0	100	0
0	0	0
1	1	1
1	1	1	1
0 0 0 0 0 0 0 0 0 0 0 0 0 0 0 0 0

0
0	100	0
0	0	0
1	1	1
1	1	1	1
0 0 0 0 0 0 0 0 0 0 0 0 0 0 0 0 0

0
0	100	0
0	0	0
1	1	1
1	1	1	1
0 0 0 0 0 0 0 0 0 0 0 0 0 0 0 0 0

0
0	100	0
0	0	0
1	1	1
1	1	1	1
0 0 0 0 0 0 0 0 0 0 0 0 0 0 0 0 0

0
0	100	0
0	0	0
1	1	1
1	1	1	1
0 0 0 0 0 0 0 0 0 0 0 0 0 0 0 0 0

0
0	100	0
0	0	0
1	1	1
1	1	1	1
0 0 0 0 0 0 0 0 0 0 0 0 0 0 0 0 0

0
0	100	0
0	0	0
1	1	1
1	1	1	1
0 0 0 0 0 0 0 0 0 0 0 0 0 0 0 0 0

0
0	100	0
0	0	0
1	1	1
1	1	1	1
0 0 0 0 0 0 0 0 0 0 0 0 0 0 0 0 0

0
0	100	0
0	0	0
1	1	1
1	1	1	1
0 0 0 0 0 0 0 0 0 0 0 0 0 0 0 0 0

0
0	100	0
0	0	0
1	1	1
1	1	1	1
0 0 0 0 0 0 0 0 0 0 0 0 0 0 0 0 0

0
0	100	0
0	0	0
1	1	1
1	1	1	1
0 0 0 0 0 0 0 0 0 0 0 0 0 0 0 0 0

0
0	100	0
0	0	0
1	1	1
1	1	1	1
0 0 0 0 0 0 0 0 0 0 0 0 0 0 0 0 0

0
0	100	0
0	0	0
1	1	1
1	1	1	1
0 0 0 0 0 0 0 0 0 0 0 0 0 0 0 0 0

0
0	100	0
0	0	0
1	1	1
1	1	1	1
0 0 0 0 0 0 0 0 0 0 0 0 0 0 0 0 0

0
0	100	0
0	0	0
1	1	1
1	1	1	1
0 0 0 0 0 0 0 0 0 0 0 0 0 0 0 0 0

0
0	100	0
0	0	0
1	1	1
1	1	1	1
0 0 0 0 0 0 0 0 0 0 0 0 0 0 0 0 0

0
0	100	0
0	0	0
1	1	1
1	1	1	1
0 0 0 0 0 0 0 0 0 0 0 0 0 0 0 0 0

0
0	100	0
0	0	0
1	1	1
1	1	1	1
0 0 0 0 0 0 0 0 0 0 0 0 0 0 0 0 0

0
0	100	0
0	0	0
1	1	1
1	1	1	1
0 0 0 0 0 0 0 0 0 0 0 0 0 0 0 0 0

0
0	100	0
0	0	0
1	1	1
1	1	1	1
0 0 0 0 0 0 0 0 0 0 0 0 0 0 0 0 0

0
0	100	0
0	0	0
1	1	1
1	1	1	1
0 0 0 0 0 0 0 0 0 0 0 0 0 0 0 0 0

0
0	100	0
0	0	0
1	1	1
1	1	1	1
0 0 0 0 0 0 0 0 0 0 0 0 0 0 0 0 0

0
0	100	0
0	0	0
1	1	1
1	1	1	1
0 0 0 0 0 0 0 0 0 0 0 0 0 0 0 0 0

0
0	100	0
0	0	0
1	1	1
1	1	1	1
0 0 0 0 0 0 0 0 0 0 0 0 0 0 0 0 0

0
0	100	0
0	0	0
1	1	1
1	1	1	1
0 0 0 0 0 0 0 0 0 0 0 0 0 0 0 0 0

0
0	100	0
0	0	0
1	1	1
1	1	1	1
0 0 0 0 0 0 0 0 0 0 0 0 0 0 0 0 0

0
0	100	0
0	0	0
1	1	1
1	1	1	1
0 0 0 0 0 0 0 0 0 0 0 0 0 0 0 0 0

0
0	100	0
0	0	0
1	1	1
1	1	1	1
0 0 0 0 0 0 0 0 0 0 0 0 0 0 0 0 0

0
0	100	0
0	0	0
1	1	1
1	1	1	1
0 0 0 0 0 0 0 0 0 0 0 0 0 0 0 0 0

0
0	100	0
0	0	0
1	1	1
1	1	1	1
0 0 0 0 0 0 0 0 0 0 0 0 0 0 0 0 0

0
0	100	0
0	0	0
1	1	1
1	1	1	1
0 0 0 0 0 0 0 0 0 0 0 0 0 0 0 0 0

0
0	100	0
0	0	0
1	1	1
1	1	1	1
0 0 0 0 0 0 0 0 0 0 0 0 0 0 0 0 0

0
0	100	0
0	0	0
1	1	1
1	1	1	1
0 0 0 0 0 0 0 0 0 0 0 0 0 0 0 0 0

0
0	100	0
0	0	0
1	1	1
1	1	1	1
0 0 0 0 0 0 0 0 0 0 0 0 0 0 0 0 0

0
0	100	0
0	0	0
1	1	1
1	1	1	1
0 0 0 0 0 0 0 0 0 0 0 0 0 0 0 0 0

0
0	100	0
0	0	0
1	1	1
1	1	1	1
0 0 0 0 0 0 0 0 0 0 0 0 0 0 0 0 0

0
0	100	0
0	0	0
1	1	1
1	1	1	1
0 0 0 0 0 0 0 0 0 0 0 0 0 0 0 0 0

0
0	100	0
0	0	0
1	1	1
1	1	1	1
0 0 0 0 0 0 0 0 0 0 0 0 0 0 0 0 0

0
0	100	0
0	0	0
1	1	1
1	1	1	1
0 0 0 0 0 0 0 0 0 0 0 0 0 0 0 0 0

0
0	100	0
0	0	0
1	1	1
1	1	1	1
0 0 0 0 0 0 0 0 0 0 0 0 0 0 0 0 0

0
0	100	0
0	0	0
1	1	1
1	1	1	1
0 0 0 0 0 0 0 0 0 0 0 0 0 0 0 0 0

0
0	100	0
0	0	0
1	1	1
1	1	1	1
0 0 0 0 0 0 0 0 0 0 0 0 0 0 0 0 0

0
0	100	0
0	0	0
1	1	1
1	1	1	1
0 0 0 0 0 0 0 0 0 0 0 0 0 0 0 0 0

0
0	100	0
0	0	0
1	1	1
1	1	1	1
0 0 0 0 0 0 0 0 0 0 0 0 0 0 0 0 0

0
0	100	0
0	0	0
1	1	1
1	1	1	1
0 0 0 0 0 0 0 0 0 0 0 0 0 0 0 0 0

0
0	100	0
0	0	0
1	1	1
1	1	1	1
0 0 0 0 0 0 0 0 0 0 0 0 0 0 0 0 0

0
0	100	0
0	0	0
1	1	1
1	1	1	1
0 0 0 0 0 0 0 0 0 0 0 0 0 0 0 0 0

0
0	100	0
0	0	0
1	1	1
1	1	1	1
0 0 0 0 0 0 0 0 0 0 0 0 0 0 0 0 0

0
0	100	0
0	0	0
1	1	1
1	1	1	1
0 0 0 0 0 0 0 0 0 0 0 0 0 0 0 0 0

0
0	100	0
0	0	0
1	1	1
1	1	1	1
0 0 0 0 0 0 0 0 0 0 0 0 0 0 0 0 0

0
0	100	0
0	0	0
1	1	1
1	1	1	1
0 0 0 0 0 0 0 0 0 0 0 0 0 0 0 0 0

0
0	100	0
0	0	0
1	1	1
1	1	1	1
0 0 0 0 0 0 0 0 0 0 0 0 0 0 0 0 0

0
0	100	0
0	0	0
1	1	1
1	1	1	1
0 0 0 0 0 0 0 0 0 0 0 0 0 0 0 0 0

0
0	100	0
0	0	0
1	1	1
1	1	1	1
0 0 0 0 0 0 0 0 0 0 0 0 0 0 0 0 0

0
0	100	0
0	0	0
1	1	1
1	1	1	1
0 0 0 0 0 0 0 0 0 0 0 0 0 0 0 0 0

0
0	100	0
0	0	0
1	1	1
1	1	1	1
0 0 0 0 0 0 0 0 0 0 0 0 0 0 0 0 0

0
0	100	0
0	0	0
1	1	1
1	1	1	1
0 0 0 0 0 0 0 0 0 0 0 0 0 0 0 0 0

0
0	100	0
0	0	0
1	1	1
1	1	1	1
0 0 0 0 0 0 0 0 0 0 0 0 0 0 0 0 0

0
0	100	0
0	0	0
1	1	1
1	1	1	1
0 0 0 0 0 0 0 0 0 0 0 0 0 0 0 0 0

0
0	100	0
0	0	0
1	1	1
1	1	1	1
0 0 0 0 0 0 0 0 0 0 0 0 0 0 0 0 0

0
0	100	0
0	0	0
1	1	1
1	1	1	1
0 0 0 0 0 0 0 0 0 0 0 0 0 0 0 0 0

0
0	100	0
0	0	0
1	1	1
1	1	1	1
0 0 0 0 0 0 0 0 0 0 0 0 0 0 0 0 0

0
0	100	0
0	0	0
1	1	1
1	1	1	1
0 0 0 0 0 0 0 0 0 0 0 0 0 0 0 0 0

0
0	100	0
0	0	0
1	1	1
1	1	1	1
0 0 0 0 0 0 0 0 0 0 0 0 0 0 0 0 0

0
0	100	0
0	0	0
1	1	1
1	1	1	1
0 0 0 0 0 0 0 0 0 0 0 0 0 0 0 0 0

0
0	100	0
0	0	0
1	1	1
1	1	1	1
0 0 0 0 0 0 0 0 0 0 0 0 0 0 0 0 0

0
0	100	0
0	0	0
1	1	1
1	1	1	1
0 0 0 0 0 0 0 0 0 0 0 0 0 0 0 0 0

0
0	100	0
0	0	0
1	1	1
1	1	1	1
0 0 0 0 0 0 0 0 0 0 0 0 0 0 0 0 0

0
0	100	0
0	0	0
1	1	1
1	1	1	1
0 0 0 0 0 0 0 0 0 0 0 0 0 0 0 0 0

0
0	100	0
0	0	0
1	1	1
1	1	1	1
0 0 0 0 0 0 0 0 0 0 0 0 0 0 0 0 0

0
0	100	0
0	0	0
1	1	1
1	1	1	1
0 0 0 0 0 0 0 0 0 0 0 0 0 0 0 0 0

0
0	100	0
0	0	0
1	1	1
1	1	1	1
0 0 0 0 0 0 0 0 0 0 0 0 0 0 0 0 0

0
0	100	0
0	0	0
1	1	1
1	1	1	1
0 0 0 0 0 0 0 0 0 0 0 0 0 0 0 0 0

0
0	100	0
0	0	0
1	1	1
1	1	1	1
0 0 0 0 0 0 0 0 0 0 0 0 0 0 0 0 0

0
0	100	0
0	0	0
1	1	1
1	1	1	1
0 0 0 0 0 0 0 0 0 0 0 0 0 0 0 0 0

0
0	100	0
0	0	0
1	1	1
1	1	1	1
0 0 0 0 0 0 0 0 0 0 0 0 0 0 0 0 0

0
0	100	0
0	0	0
1	1	1
1	1	1	1
0 0 0 0 0 0 0 0 0 0 0 0 0 0 0 0 0

0
0	100	0
0	0	0
1	1	1
1	1	1	1
0 0 0 0 0 0 0 0 0 0 0 0 0 0 0 0 0

0
0	100	0
0	0	0
1	1	1
1	1	1	1
0 0 0 0 0 0 0 0 0 0 0 0 0 0 0 0 0

0
0	100	0
0	0	0
1	1	1
1	1	1	1
0 0 0 0 0 0 0 0 0 0 0 0 0 0 0 0 0

0
0	100	0
0	0	0
1	1	1
1	1	1	1
0 0 0 0 0 0 0 0 0 0 0 0 0 0 0 0 0

0
0	100	0
0	0	0
1	1	1
1	1	1	1
0 0 0 0 0 0 0 0 0 0 0 0 0 0 0 0 0

0
0	100	0
0	0	0
1	1	1
1	1	1	1
0 0 0 0 0 0 0 0 0 0 0 0 0 0 0 0 0

0
0	100	0
0	0	0
1	1	1
1	1	1	1
0 0 0 0 0 0 0 0 0 0 0 0 0 0 0 0 0

0
0	100	0
0	0	0
1	1	1
1	1	1	1
0 0 0 0 0 0 0 0 0 0 0 0 0 0 0 0 0

0
0	100	0
0	0	0
1	1	1
1	1	1	1
0 0 0 0 0 0 0 0 0 0 0 0 0 0 0 0 0

0
0	100	0
0	0	0
1	1	1
1	1	1	1
0 0 0 0 0 0 0 0 0 0 0 0 0 0 0 0 0

0
0	100	0
0	0	0
1	1	1
1	1	1	1
0 0 0 0 0 0 0 0 0 0 0 0 0 0 0 0 0

0
0	100	0
0	0	0
1	1	1
1	1	1	1
0 0 0 0 0 0 0 0 0 0 0 0 0 0 0 0 0

0
0	100	0
0	0	0
1	1	1
1	1	1	1
0 0 0 0 0 0 0 0 0 0 0 0 0 0 0 0 0

0
0	100	0
0	0	0
1	1	1
1	1	1	1
0 0 0 0 0 0 0 0 0 0 0 0 0 0 0 0 0

0
0	100	0
0	0	0
1	1	1
1	1	1	1
0 0 0 0 0 0 0 0 0 0 0 0 0 0 0 0 0

0
0	100	0
0	0	0
1	1	1
1	1	1	1
0 0 0 0 0 0 0 0 0 0 0 0 0 0 0 0 0

0
0	100	0
0	0	0
1	1	1
1	1	1	1
0 0 0 0 0 0 0 0 0 0 0 0 0 0 0 0 0

0
0	100	0
0	0	0
1	1	1
1	1	1	1
0 0 0 0 0 0 0 0 0 0 0 0 0 0 0 0 0

0
0	100	0
0	0	0
1	1	1
1	1	1	1
0 0 0 0 0 0 0 0 0 0 0 0 0 0 0 0 0

0
0	100	0
0	0	0
1	1	1
1	1	1	1
0 0 0 0 0 0 0 0 0 0 0 0 0 0 0 0 0

0
0	100	0
0	0	0
1	1	1
1	1	1	1
0 0 0 0 0 0 0 0 0 0 0 0 0 0 0 0 0

0
0	100	0
0	0	0
1	1	1
1	1	1	1
0 0 0 0 0 0 0 0 0 0 0 0 0 0 0 0 0

0
0	100	0
0	0	0
1	1	1
1	1	1	1
0 0 0 0 0 0 0 0 0 0 0 0 0 0 0 0 0

0
0	100	0
0	0	0
1	1	1
1	1	1	1
0 0 0 0 0 0 0 0 0 0 0 0 0 0 0 0 0

0
0	100	0
0	0	0
1	1	1
1	1	1	1
0 0 0 0 0 0 0 0 0 0 0 0 0 0 0 0 0

0
0	100	0
0	0	0
1	1	1
1	1	1	1
0 0 0 0 0 0 0 0 0 0 0 0 0 0 0 0 0

0
0	100	0
0	0	0
1	1	1
1	1	1	1
0 0 0 0 0 0 0 0 0 0 0 0 0 0 0 0 0

0
0	100	0
0	0	0
1	1	1
1	1	1	1
0 0 0 0 0 0 0 0 0 0 0 0 0 0 0 0 0

0
0	100	0
0	0	0
1	1	1
1	1	1	1
0 0 0 0 0 0 0 0 0 0 0 0 0 0 0 0 0

0
0	100	0
0	0	0
1	1	1
1	1	1	1
0 0 0 0 0 0 0 0 0 0 0 0 0 0 0 0 0

0
0	100	0
0	0	0
1	1	1
1	1	1	1
0 0 0 0 0 0 0 0 0 0 0 0 0 0 0 0 0

0
0	100	0
0	0	0
1	1	1
1	1	1	1
0 0 0 0 0 0 0 0 0 0 0 0 0 0 0 0 0

0
0	100	0
0	0	0
1	1	1
1	1	1	1
0 0 0 0 0 0 0 0 0 0 0 0 0 0 0 0 0

0
0	100	0
0	0	0
1	1	1
1	1	1	1
0 0 0 0 0 0 0 0 0 0 0 0 0 0 0 0 0

0
0	100	0
0	0	0
1	1	1
1	1	1	1
0 0 0 0 0 0 0 0 0 0 0 0 0 0 0 0 0

0
0	100	0
0	0	0
1	1	1
1	1	1	1
0 0 0 0 0 0 0 0 0 0 0 0 0 0 0 0 0

0
0	100	0
0	0	0
1	1	1
1	1	1	1
0 0 0 0 0 0 0 0 0 0 0 0 0 0 0 0 0

0
0	100	0
0	0	0
1	1	1
1	1	1	1
0 0 0 0 0 0 0 0 0 0 0 0 0 0 0 0 0

0
0	100	0
0	0	0
1	1	1
1	1	1	1
0 0 0 0 0 0 0 0 0 0 0 0 0 0 0 0 0

0
0	100	0
0	0	0
1	1	1
1	1	1	1
0 0 0 0 0 0 0 0 0 0 0 0 0 0 0 0 0

0
0	100	0
0	0	0
1	1	1
1	1	1	1
0 0 0 0 0 0 0 0 0 0 0 0 0 0 0 0 0

0
0	100	0
0	0	0
1	1	1
1	1	1	1
0 0 0 0 0 0 0 0 0 0 0 0 0 0 0 0 0

0
0	100	0
0	0	0
1	1	1
1	1	1	1
0 0 0 0 0 0 0 0 0 0 0 0 0 0 0 0 0

0
0	100	0
0	0	0
1	1	1
1	1	1	1
0 0 0 0 0 0 0 0 0 0 0 0 0 0 0 0 0

0
0	100	0
0	0	0
1	1	1
1	1	1	1
0 0 0 0 0 0 0 0 0 0 0 0 0 0 0 0 0

0
0	100	0
0	0	0
1	1	1
1	1	1	1
0 0 0 0 0 0 0 0 0 0 0 0 0 0 0 0 0

0
0	100	0
0	0	0
1	1	1
1	1	1	1
0 0 0 0 0 0 0 0 0 0 0 0 0 0 0 0 0

0
0	100	0
0	0	0
1	1	1
1	1	1	1
0 0 0 0 0 0 0 0 0 0 0 0 0 0 0 0 0

0
0	100	0
0	0	0
1	1	1
1	1	1	1
0 0 0 0 0 0 0 0 0 0 0 0 0 0 0 0 0

0
0	100	0
0	0	0
1	1	1
1	1	1	1
0 0 0 0 0 0 0 0 0 0 0 0 0 0 0 0 0

0
0	100	0
0	0	0
1	1	1
1	1	1	1
0 0 0 0 0 0 0 0 0 0 0 0 0 0 0 0 0

0
0	100	0
0	0	0
1	1	1
1	1	1	1
0 0 0 0 0 0 0 0 0 0 0 0 0 0 0 0 0

0
0	100	0
0	0	0
1	1	1
1	1	1	1
0 0 0 0 0 0 0 0 0 0 0 0 0 0 0 0 0

0
0	100	0
0	0	0
1	1	1
1	1	1	1
0 0 0 0 0 0 0 0 0 0 0 0 0 0 0 0 0

0
0	100	0
0	0	0
1	1	1
1	1	1	1
0 0 0 0 0 0 0 0 0 0 0 0 0 0 0 0 0

0
0	100	0
0	0	0
1	1	1
1	1	1	1
0 0 0 0 0 0 0 0 0 0 0 0 0 0 0 0 0

0
0	100	0
0	0	0
1	1	1
1	1	1	1
0 0 0 0 0 0 0 0 0 0 0 0 0 0 0 0 0

0
0	100	0
0	0	0
1	1	1
1	1	1	1
0 0 0 0 0 0 0 0 0 0 0 0 0 0 0 0 0

0
0	100	0
0	0	0
1	1	1
1	1	1	1
0 0 0 0 0 0 0 0 0 0 0 0 0 0 0 0 0

0
0	100	0
0	0	0
1	1	1
1	1	1	1
0 0 0 0 0 0 0 0 0 0 0 0 0 0 0 0 0

0
0	100	0
0	0	0
1	1	1
1	1	1	1
0 0 0 0 0 0 0 0 0 0 0 0 0 0 0 0 0

0
0	100	0
0	0	0
1	1	1
1	1	1	1
0 0 0 0 0 0 0 0 0 0 0 0 0 0 0 0 0

0
0	100	0
0	0	0
1	1	1
1	1	1	1
0 0 0 0 0 0 0 0 0 0 0 0 0 0 0 0 0

0
0	100	0
0	0	0
1	1	1
1	1	1	1
0 0 0 0 0 0 0 0 0 0 0 0 0 0 0 0 0

0
0	100	0
0	0	0
1	1	1
1	1	1	1
0 0 0 0 0 0 0 0 0 0 0 0 0 0 0 0 0

0
0	100	0
0	0	0
1	1	1
1	1	1	1
0 0 0 0 0 0 0 0 0 0 0 0 0 0 0 0 0

0
0	100	0
0	0	0
1	1	1
1	1	1	1
0 0 0 0 0 0 0 0 0 0 0 0 0 0 0 0 0

0
0	100	0
0	0	0
1	1	1
1	1	1	1
0 0 0 0 0 0 0 0 0 0 0 0 0 0 0 0 0

0
0	100	0
0	0	0
1	1	1
1	1	1	1
0 0 0 0 0 0 0 0 0 0 0 0 0 0 0 0 0

0
0	100	0
0	0	0
1	1	1
1	1	1	1
0 0 0 0 0 0 0 0 0 0 0 0 0 0 0 0 0

0
0	100	0
0	0	0
1	1	1
1	1	1	1
0 0 0 0 0 0 0 0 0 0 0 0 0 0 0 0 0

0
0	100	0
0	0	0
1	1	1
1	1	1	1
0 0 0 0 0 0 0 0 0 0 0 0 0 0 0 0 0

0
0	100	0
0	0	0
1	1	1
1	1	1	1
0 0 0 0 0 0 0 0 0 0 0 0 0 0 0 0 0

0
0	100	0
0	0	0
1	1	1
1	1	1	1
0 0 0 0 0 0 0 0 0 0 0 0 0 0 0 0 0

0
0	100	0
0	0	0
1	1	1
1	1	1	1
0 0 0 0 0 0 0 0 0 0 0 0 0 0 0 0 0

0
0	100	0
0	0	0
1	1	1
1	1	1	1
0 0 0 0 0 0 0 0 0 0 0 0 0 0 0 0 0

0
0	100	0
0	0	0
1	1	1
1	1	1	1
0 0 0 0 0 0 0 0 0 0 0 0 0 0 0 0 0

0
0	100	0
0	0	0
1	1	1
1	1	1	1
0 0 0 0 0 0 0 0 0 0 0 0 0 0 0 0 0

0
0	100	0
0	0	0
1	1	1
1	1	1	1
0 0 0 0 0 0 0 0 0 0 0 0 0 0 0 0 0

0
0	100	0
0	0	0
1	1	1
1	1	1	1
0 0 0 0 0 0 0 0 0 0 0 0 0 0 0 0 0

0
0	100	0
0	0	0
1	1	1
1	1	1	1
0 0 0 0 0 0 0 0 0 0 0 0 0 0 0 0 0

0
0	100	0
0	0	0
1	1	1
1	1	1	1
0 0 0 0 0 0 0 0 0 0 0 0 0 0 0 0 0

0
0	100	0
0	0	0
1	1	1
1	1	1	1
0 0 0 0 0 0 0 0 0 0 0 0 0 0 0 0 0

0
0	100	0
0	0	0
1	1	1
1	1	1	1
0 0 0 0 0 0 0 0 0 0 0 0 0 0 0 0 0

0
0	100	0
0	0	0
1	1	1
1	1	1	1
0 0 0 0 0 0 0 0 0 0 0 0 0 0 0 0 0

0
0	100	0
0	0	0
1	1	1
1	1	1	1
0 0 0 0 0 0 0 0 0 0 0 0 0 0 0 0 0

0
0	100	0
0	0	0
1	1	1
1	1	1	1
0 0 0 0 0 0 0 0 0 0 0 0 0 0 0 0 0

0
0	100	0
0	0	0
1	1	1
1	1	1	1
0 0 0 0 0 0 0 0 0 0 0 0 0 0 0 0 0

0
0	100	0
0	0	0
1	1	1
1	1	1	1
0 0 0 0 0 0 0 0 0 0 0 0 0 0 0 0 0

0
0	100	0
0	0	0
1	1	1
1	1	1	1
0 0 0 0 0 0 0 0 0 0 0 0 0 0 0 0 0

0
0	100	0
0	0	0
1	1	1
1	1	1	1
0 0 0 0 0 0 0 0 0 0 0 0 0 0 0 0 0

0
0	100	0
0	0	0
1	1	1
1	1	1	1
0 0 0 0 0 0 0 0 0 0 0 0 0 0 0 0 0

0
0	100	0
0	0	0
1	1	1
1	1	1	1
0 0 0 0 0 0 0 0 0 0 0 0 0 0 0 0 0

0
0	100	0
0	0	0
1	1	1
1	1	1	1
0 0 0 0 0 0 0 0 0 0 0 0 0 0 0 0 0

0
0	100	0
0	0	0
1	1	1
1	1	1	1
0 0 0 0 0 0 0 0 0 0 0 0 0 0 0 0 0

0
0	100	0
0	0	0
1	1	1
1	1	1	1
0 0 0 0 0 0 0 0 0 0 0 0 0 0 0 0 0

0
0	100	0
0	0	0
1	1	1
1	1	1	1
0 0 0 0 0 0 0 0 0 0 0 0 0 0 0 0 0

0
0	100	0
0	0	0
1	1	1
1	1	1	1
0 0 0 0 0 0 0 0 0 0 0 0 0 0 0 0 0

0
0	100	0
0	0	0
1	1	1
1	1	1	1
0 0 0 0 0 0 0 0 0 0 0 0 0 0 0 0 0

0
0	100	0
0	0	0
1	1	1
1	1	1	1
0 0 0 0 0 0 0 0 0 0 0 0 0 0 0 0 0

0
0	100	0
0	0	0
1	1	1
1	1	1	1
0 0 0 0 0 0 0 0 0 0 0 0 0 0 0 0 0

0
0	100	0
0	0	0
1	1	1
1	1	1	1
0 0 0 0 0 0 0 0 0 0 0 0 0 0 0 0 0

0
0	100	0
0	0	0
1	1	1
1	1	1	1
0 0 0 0 0 0 0 0 0 0 0 0 0 0 0 0 0

0
0	100	0
0	0	0
1	1	1
1	1	1	1
0 0 0 0 0 0 0 0 0 0 0 0 0 0 0 0 0

0
0	100	0
0	0	0
1	1	1
1	1	1	1
0 0 0 0 0 0 0 0 0 0 0 0 0 0 0 0 0

0
0	100	0
0	0	0
1	1	1
1	1	1	1
0 0 0 0 0 0 0 0 0 0 0 0 0 0 0 0 0

0
0	100	0
0	0	0
1	1	1
1	1	1	1
0 0 0 0 0 0 0 0 0 0 0 0 0 0 0 0 0

0
0	100	0
0	0	0
1	1	1
1	1	1	1
0 0 0 0 0 0 0 0 0 0 0 0 0 0 0 0 0

0
0	100	0
0	0	0
1	1	1
1	1	1	1
0 0 0 0 0 0 0 0 0 0 0 0 0 0 0 0 0

0
0	100	0
0	0	0
1	1	1
1	1	1	1
0 0 0 0 0 0 0 0 0 0 0 0 0 0 0 0 0

0
0	100	0
0	0	0
1	1	1
1	1	1	1
0 0 0 0 0 0 0 0 0 0 0 0 0 0 0 0 0

0
0	100	0
0	0	0
1	1	1
1	1	1	1
0 0 0 0 0 0 0 0 0 0 0 0 0 0 0 0 0

0
0	100	0
0	0	0
1	1	1
1	1	1	1
0 0 0 0 0 0 0 0 0 0 0 0 0 0 0 0 0

0
0	100	0
0	0	0
1	1	1
1	1	1	1
0 0 0 0 0 0 0 0 0 0 0 0 0 0 0 0 0

0
0	100	0
0	0	0
1	1	1
1	1	1	1
0 0 0 0 0 0 0 0 0 0 0 0 0 0 0 0 0

0
0	100	0
0	0	0
1	1	1
1	1	1	1
0 0 0 0 0 0 0 0 0 0 0 0 0 0 0 0 0

0
0	100	0
0	0	0
1	1	1
1	1	1	1
0 0 0 0 0 0 0 0 0 0 0 0 0 0 0 0 0

0
0	100	0
0	0	0
1	1	1
1	1	1	1
0 0 0 0 0 0 0 0 0 0 0 0 0 0 0 0 0

0
0	100	0
0	0	0
1	1	1
1	1	1	1
0 0 0 0 0 0 0 0 0 0 0 0 0 0 0 0 0

0
0	100	0
0	0	0
1	1	1
1	1	1	1
0 0 0 0 0 0 0 0 0 0 0 0 0 0 0 0 0

0
0	100	0
0	0	0
1	1	1
1	1	1	1
0 0 0 0 0 0 0 0 0 0 0 0 0 0 0 0 0

0
0	100	0
0	0	0
1	1	1
1	1	1	1
0 0 0 0 0 0 0 0 0 0 0 0 0 0 0 0 0

0
0	100	0
0	0	0
1	1	1
1	1	1	1
0 0 0 0 0 0 0 0 0 0 0 0 0 0 0 0 0

0
0	100	0
0	0	0
1	1	1
1	1	1	1
0 0 0 0 0 0 0 0 0 0 0 0 0 0 0 0 0

0
0	100	0
0	0	0
1	1	1
1	1	1	1
0 0 0 0 0 0 0 0 0 0 0 0 0 0 0 0 0

0
0	100	0
0	0	0
1	1	1
1	1	1	1
0 0 0 0 0 0 0 0 0 0 0 0 0 0 0 0 0

0
0	100	0
0	0	0
1	1	1
1	1	1	1
0 0 0 0 0 0 0 0 0 0 0 0 0 0 0 0 0

0
0	100	0
0	0	0
1	1	1
1	1	1	1
0 0 0 0 0 0 0 0 0 0 0 0 0 0 0 0 0

0
0	100	0
0	0	0
1	1	1
1	1	1	1
0 0 0 0 0 0 0 0 0 0 0 0 0 0 0 0 0

0
0	100	0
0	0	0
1	1	1
1	1	1	1
0 0 0 0 0 0 0 0 0 0 0 0 0 0 0 0 0

0
0	100	0
0	0	0
1	1	1
1	1	1	1
0 0 0 0 0 0 0 0 0 0 0 0 0 0 0 0 0

0
0	100	0
0	0	0
1	1	1
1	1	1	1
0 0 0 0 0 0 0 0 0 0 0 0 0 0 0 0 0

0
0	100	0
0	0	0
1	1	1
1	1	1	1
0 0 0 0 0 0 0 0 0 0 0 0 0 0 0 0 0

0
0	100	0
0	0	0
1	1	1
1	1	1	1
0 0 0 0 0 0 0 0 0 0 0 0 0 0 0 0 0

0
0	100	0
0	0	0
1	1	1
1	1	1	1
0 0 0 0 0 0 0 0 0 0 0 0 0 0 0 0 0

0
0	100	0
0	0	0
1	1	1
1	1	1	1
0 0 0 0 0 0 0 0 0 0 0 0 0 0 0 0 0

0
0	100	0
0	0	0
1	1	1
1	1	1	1
0 0 0 0 0 0 0 0 0 0 0 0 0 0 0 0 0

0
0	100	0
0	0	0
1	1	1
1	1	1	1
0 0 0 0 0 0 0 0 0 0 0 0 0 0 0 0 0

0
0	100	0
0	0	0
1	1	1
1	1	1	1
0 0 0 0 0 0 0 0 0 0 0 0 0 0 0 0 0

0
0	100	0
0	0	0
1	1	1
1	1	1	1
0 0 0 0 0 0 0 0 0 0 0 0 0 0 0 0 0

0
0	100	0
0	0	0
1	1	1
1	1	1	1
0 0 0 0 0 0 0 0 0 0 0 0 0 0 0 0 0

0
0	100	0
0	0	0
1	1	1
1	1	1	1
0 0 0 0 0 0 0 0 0 0 0 0 0 0 0 0 0

0
0	100	0
0	0	0
1	1	1
1	1	1	1
0 0 0 0 0 0 0 0 0 0 0 0 0 0 0 0 0

0
0	100	0
0	0	0
1	1	1
1	1	1	1
0 0 0 0 0 0 0 0 0 0 0 0 0 0 0 0 0

0
0	100	0
0	0	0
1	1	1
1	1	1	1
0 0 0 0 0 0 0 0 0 0 0 0 0 0 0 0 0

0
0	100	0
0	0	0
1	1	1
1	1	1	1
0 0 0 0 0 0 0 0 0 0 0 0 0 0 0 0 0

0
0	100	0
0	0	0
1	1	1
1	1	1	1
0 0 0 0 0 0 0 0 0 0 0 0 0 0 0 0 0

0
0	100	0
0	0	0
1	1	1
1	1	1	1
0 0 0 0 0 0 0 0 0 0 0 0 0 0 0 0 0

0
0	100	0
0	0	0
1	1	1
1	1	1	1
0 0 0 0 0 0 0 0 0 0 0 0 0 0 0 0 0

0
0	100	0
0	0	0
1	1	1
1	1	1	1
0 0 0 0 0 0 0 0 0 0 0 0 0 0 0 0 0

0
0	100	0
0	0	0
1	1	1
1	1	1	1
0 0 0 0 0 0 0 0 0 0 0 0 0 0 0 0 0

0
0	100	0
0	0	0
1	1	1
1	1	1	1
0 0 0 0 0 0 0 0 0 0 0 0 0 0 0 0 0

0
0	100	0
0	0	0
1	1	1
1	1	1	1
0 0 0 0 0 0 0 0 0 0 0 0 0 0 0 0 0

0
0	100	0
0	0	0
1	1	1
1	1	1	1
0 0 0 0 0 0 0 0 0 0 0 0 0 0 0 0 0

0
0	100	0
0	0	0
1	1	1
1	1	1	1
0 0 0 0 0 0 0 0 0 0 0 0 0 0 0 0 0

0
0	100	0
0	0	0
1	1	1
1	1	1	1
0 0 0 0 0 0 0 0 0 0 0 0 0 0 0 0 0

0
0	100	0
0	0	0
1	1	1
1	1	1	1
0 0 0 0 0 0 0 0 0 0 0 0 0 0 0 0 0

0
0	100	0
0	0	0
1	1	1
1	1	1	1
0 0 0 0 0 0 0 0 0 0 0 0 0 0 0 0 0

0
0	100	0
0	0	0
1	1	1
1	1	1	1
0 0 0 0 0 0 0 0 0 0 0 0 0 0 0 0 0

0
0	100	0
0	0	0
1	1	1
1	1	1	1
0 0 0 0 0 0 0 0 0 0 0 0 0 0 0 0 0

0
0	100	0
0	0	0
1	1	1
1	1	1	1
0 0 0 0 0 0 0 0 0 0 0 0 0 0 0 0 0

0
0	100	0
0	0	0
1	1	1
1	1	1	1
0 0 0 0 0 0 0 0 0 0 0 0 0 0 0 0 0

0
0	100	0
0	0	0
1	1	1
1	1	1	1
0 0 0 0 0 0 0 0 0 0 0 0 0 0 0 0 0

0
0	100	0
0	0	0
1	1	1
1	1	1	1
0 0 0 0 0 0 0 0 0 0 0 0 0 0 0 0 0

0
0	100	0
0	0	0
1	1	1
1	1	1	1
0 0 0 0 0 0 0 0 0 0 0 0 0 0 0 0 0

0
0	100	0
0	0	0
1	1	1
1	1	1	1
0 0 0 0 0 0 0 0 0 0 0 0 0 0 0 0 0

0
0	100	0
0	0	0
1	1	1
1	1	1	1
0 0 0 0 0 0 0 0 0 0 0 0 0 0 0 0 0

0
0	100	0
0	0	0
1	1	1
1	1	1	1
0 0 0 0 0 0 0 0 0 0 0 0 0 0 0 0 0

0
0	100	0
0	0	0
1	1	1
1	1	1	1
0 0 0 0 0 0 0 0 0 0 0 0 0 0 0 0 0

0
0	100	0
0	0	0
1	1	1
1	1	1	1
0 0 0 0 0 0 0 0 0 0 0 0 0 0 0 0 0

0
0	100	0
0	0	0
1	1	1
1	1	1	1
0 0 0 0 0 0 0 0 0 0 0 0 0 0 0 0 0

0
0	100	0
0	0	0
1	1	1
1	1	1	1
0 0 0 0 0 0 0 0 0 0 0 0 0 0 0 0 0

0
0	100	0
0	0	0
1	1	1
1	1	1	1
0 0 0 0 0 0 0 0 0 0 0 0 0 0 0 0 0

0
0	100	0
0	0	0
1	1	1
1	1	1	1
0 0 0 0 0 0 0 0 0 0 0 0 0 0 0 0 0

0
0	100	0
0	0	0
1	1	1
1	1	1	1
0 0 0 0 0 0 0 0 0 0 0 0 0 0 0 0 0

0
0	100	0
0	0	0
1	1	1
1	1	1	1
0 0 0 0 0 0 0 0 0 0 0 0 0 0 0 0 0

0
0	100	0
0	0	0
1	1	1
1	1	1	1
0 0 0 0 0 0 0 0 0 0 0 0 0 0 0 0 0

0
0	100	0
0	0	0
1	1	1
1	1	1	1
0 0 0 0 0 0 0 0 0 0 0 0 0 0 0 0 0

0
0	100	0
0	0	0
1	1	1
1	1	1	1
0 0 0 0 0 0 0 0 0 0 0 0 0 0 0 0 0

0
0	100	0
0	0	0
1	1	1
1	1	1	1
0 0 0 0 0 0 0 0 0 0 0 0 0 0 0 0 0

0
0	100	0
0	0	0
1	1	1
1	1	1	1
0 0 0 0 0 0 0 0 0 0 0 0 0 0 0 0 0

0
0	100	0
0	0	0
1	1	1
1	1	1	1
0 0 0 0 0 0 0 0 0 0 0 0 0 0 0 0 0

0
0	100	0
0	0	0
1	1	1
1	1	1	1
0 0 0 0 0 0 0 0 0 0 0 0 0 0 0 0 0

0
0	100	0
0	0	0
1	1	1
1	1	1	1
0 0 0 0 0 0 0 0 0 0 0 0 0 0 0 0 0

0
0	100	0
0	0	0
1	1	1
1	1	1	1
0 0 0 0 0 0 0 0 0 0 0 0 0 0 0 0 0

0
0	100	0
0	0	0
1	1	1
1	1	1	1
0 0 0 0 0 0 0 0 0 0 0 0 0 0 0 0 0

0
0	100	0
0	0	0
1	1	1
1	1	1	1
0 0 0 0 0 0 0 0 0 0 0 0 0 0 0 0 0

0
0	100	0
0	0	0
1	1	1
1	1	1	1
0 0 0 0 0 0 0 0 0 0 0 0 0 0 0 0 0

0
0	100	0
0	0	0
1	1	1
1	1	1	1
0 0 0 0 0 0 0 0 0 0 0 0 0 0 0 0 0

0
0	100	0
0	0	0
1	1	1
1	1	1	1
0 0 0 0 0 0 0 0 0 0 0 0 0 0 0 0 0

0
0	100	0
0	0	0
1	1	1
1	1	1	1
0 0 0 0 0 0 0 0 0 0 0 0 0 0 0 0 0

0
0	100	0
0	0	0
1	1	1
1	1	1	1
0 0 0 0 0 0 0 0 0 0 0 0 0 0 0 0 0

0
0	100	0
0	0	0
1	1	1
1	1	1	1
0 0 0 0 0 0 0 0 0 0 0 0 0 0 0 0 0

0
0	100	0
0	0	0
1	1	1
1	1	1	1
0 0 0 0 0 0 0 0 0 0 0 0 0 0 0 0 0

0
0	100	0
0	0	0
1	1	1
1	1	1	1
0 0 0 0 0 0 0 0 0 0 0 0 0 0 0 0 0

0
0	100	0
0	0	0
1	1	1
1	1	1	1
0 0 0 0 0 0 0 0 0 0 0 0 0 0 0 0 0

0
0	100	0
0	0	0
1	1	1
1	1	1	1
0 0 0 0 0 0 0 0 0 0 0 0 0 0 0 0 0

0
0	100	0
0	0	0
1	1	1
1	1	1	1
0 0 0 0 0 0 0 0 0 0 0 0 0 0 0 0 0

0
0	100	0
0	0	0
1	1	1
1	1	1	1
0 0 0 0 0 0 0 0 0 0 0 0 0 0 0 0 0

0
0	100	0
0	0	0
1	1	1
1	1	1	1
0 0 0 0 0 0 0 0 0 0 0 0 0 0 0 0 0

0
0	100	0
0	0	0
1	1	1
1	1	1	1
0 0 0 0 0 0 0 0 0 0 0 0 0 0 0 0 0

0
0	100	0
0	0	0
1	1	1
1	1	1	1
0 0 0 0 0 0 0 0 0 0 0 0 0 0 0 0 0

0
0	100	0
0	0	0
1	1	1
1	1	1	1
0 0 0 0 0 0 0 0 0 0 0 0 0 0 0 0 0

0
0	100	0
0	0	0
1	1	1
1	1	1	1
0 0 0 0 0 0 0 0 0 0 0 0 0 0 0 0 0

0
0	100	0
0	0	0
1	1	1
1	1	1	1
0 0 0 0 0 0 0 0 0 0 0 0 0 0 0 0 0

0
0	100	0
0	0	0
1	1	1
1	1	1	1
0 0 0 0 0 0 0 0 0 0 0 0 0 0 0 0 0

0
0	100	0
0	0	0
1	1	1
1	1	1	1
0 0 0 0 0 0 0 0 0 0 0 0 0 0 0 0 0

0
0	100	0
0	0	0
1	1	1
1	1	1	1
0 0 0 0 0 0 0 0 0 0 0 0 0 0 0 0 0

0
0	100	0
0	0	0
1	1	1
1	1	1	1
0 0 0 0 0 0 0 0 0 0 0 0 0 0 0 0 0

0
0	100	0
0	0	0
1	1	1
1	1	1	1
0 0 0 0 0 0 0 0 0 0 0 0 0 0 0 0 0

0
0	100	0
0	0	0
1	1	1
1	1	1	1
0 0 0 0 0 0 0 0 0 0 0 0 0 0 0 0 0

0
0	100	0
0	0	0
1	1	1
1	1	1	1
0 0 0 0 0 0 0 0 0 0 0 0 0 0 0 0 0

0
0	100	0
0	0	0
1	1	1
1	1	1	1
0 0 0 0 0 0 0 0 0 0 0 0 0 0 0 0 0

0
0	100	0
0	0	0
1	1	1
1	1	1	1
0 0 0 0 0 0 0 0 0 0 0 0 0 0 0 0 0

0
0	100	0
0	0	0
1	1	1
1	1	1	1
0 0 0 0 0 0 0 0 0 0 0 0 0 0 0 0 0

0
0	100	0
0	0	0
1	1	1
1	1	1	1
0 0 0 0 0 0 0 0 0 0 0 0 0 0 0 0 0

0
0	100	0
0	0	0
1	1	1
1	1	1	1
0 0 0 0 0 0 0 0 0 0 0 0 0 0 0 0 0

0
0	100	0
0	0	0
1	1	1
1	1	1	1
0 0 0 0 0 0 0 0 0 0 0 0 0 0 0 0 0

0
0	100	0
0	0	0
1	1	1
1	1	1	1
0 0 0 0 0 0 0 0 0 0 0 0 0 0 0 0 0

0
0	100	0
0	0	0
1	1	1
1	1	1	1
0 0 0 0 0 0 0 0 0 0 0 0 0 0 0 0 0

0
0	100	0
0	0	0
1	1	1
1	1	1	1
0 0 0 0 0 0 0 0 0 0 0 0 0 0 0 0 0

0
0	100	0
0	0	0
1	1	1
1	1	1	1
0 0 0 0 0 0 0 0 0 0 0 0 0 0 0 0 0

0
0	100	0
0	0	0
1	1	1
1	1	1	1
0 0 0 0 0 0 0 0 0 0 0 0 0 0 0 0 0

0
0	100	0
0	0	0
1	1	1
1	1	1	1
0 0 0 0 0 0 0 0 0 0 0 0 0 0 0 0 0

0
0	100	0
0	0	0
1	1	1
1	1	1	1
0 0 0 0 0 0 0 0 0 0 0 0 0 0 0 0 0

0
0	100	0
0	0	0
1	1	1
1	1	1	1
0 0 0 0 0 0 0 0 0 0 0 0 0 0 0 0 0

0
0	100	0
0	0	0
1	1	1
1	1	1	1
0 0 0 0 0 0 0 0 0 0 0 0 0 0 0 0 0

0
0	100	0
0	0	0
1	1	1
1	1	1	1
0 0 0 0 0 0 0 0 0 0 0 0 0 0 0 0 0

0
0	100	0
0	0	0
1	1	1
1	1	1	1
0 0 0 0 0 0 0 0 0 0 0 0 0 0 0 0 0

0
0	100	0
0	0	0
1	1	1
1	1	1	1
0 0 0 0 0 0 0 0 0 0 0 0 0 0 0 0 0

0
0	100	0
0	0	0
1	1	1
1	1	1	1
0 0 0 0 0 0 0 0 0 0 0 0 0 0 0 0 0

0
0	100	0
0	0	0
1	1	1
1	1	1	1
0 0 0 0 0 0 0 0 0 0 0 0 0 0 0 0 0

0
0	100	0
0	0	0
1	1	1
1	1	1	1
0 0 0 0 0 0 0 0 0 0 0 0 0 0 0 0 0

0
0	100	0
0	0	0
1	1	1
1	1	1	1
0 0 0 0 0 0 0 0 0 0 0 0 0 0 0 0 0

0
0	100	0
0	0	0
1	1	1
1	1	1	1
0 0 0 0 0 0 0 0 0 0 0 0 0 0 0 0 0

0
0	100	0
0	0	0
1	1	1
1	1	1	1
0 0 0 0 0 0 0 0 0 0 0 0 0 0 0 0 0

0
0	100	0
0	0	0
1	1	1
1	1	1	1
0 0 0 0 0 0 0 0 0 0 0 0 0 0 0 0 0

0
0	100	0
0	0	0
1	1	1
1	1	1	1
0 0 0 0 0 0 0 0 0 0 0 0 0 0 0 0 0

0
0	100	0
0	0	0
1	1	1
1	1	1	1
0 0 0 0 0 0 0 0 0 0 0 0 0 0 0 0 0

0
0	100	0
0	0	0
1	1	1
1	1	1	1
0 0 0 0 0 0 0 0 0 0 0 0 0 0 0 0 0

0
0	100	0
0	0	0
1	1	1
1	1	1	1
0 0 0 0 0 0 0 0 0 0 0 0 0 0 0 0 0

0
0	100	0
0	0	0
1	1	1
1	1	1	1
0 0 0 0 0 0 0 0 0 0 0 0 0 0 0 0 0

0
0	100	0
0	0	0
1	1	1
1	1	1	1
0 0 0 0 0 0 0 0 0 0 0 0 0 0 0 0 0

0
0	100	0
0	0	0
1	1	1
1	1	1	1
0 0 0 0 0 0 0 0 0 0 0 0 0 0 0 0 0

0
0	100	0
0	0	0
1	1	1
1	1	1	1
0 0 0 0 0 0 0 0 0 0 0 0 0 0 0 0 0

0
0	100	0
0	0	0
1	1	1
1	1	1	1
0 0 0 0 0 0 0 0 0 0 0 0 0 0 0 0 0

0
0	100	0
0	0	0
1	1	1
1	1	1	1
0 0 0 0 0 0 0 0 0 0 0 0 0 0 0 0 0

0
0	100	0
0	0	0
1	1	1
1	1	1	1
0 0 0 0 0 0 0 0 0 0 0 0 0 0 0 0 0

0
0	100	0
0	0	0
1	1	1
1	1	1	1
0 0 0 0 0 0 0 0 0 0 0 0 0 0 0 0 0

0
0	100	0
0	0	0
1	1	1
1	1	1	1
0 0 0 0 0 0 0 0 0 0 0 0 0 0 0 0 0

0
0	100	0
0	0	0
1	1	1
1	1	1	1
0 0 0 0 0 0 0 0 0 0 0 0 0 0 0 0 0

0
0	100	0
0	0	0
1	1	1
1	1	1	1
0 0 0 0 0 0 0 0 0 0 0 0 0 0 0 0 0

0
0	100	0
0	0	0
1	1	1
1	1	1	1
0 0 0 0 0 0 0 0 0 0 0 0 0 0 0 0 0

0
0	100	0
0	0	0
1	1	1
1	1	1	1
0 0 0 0 0 0 0 0 0 0 0 0 0 0 0 0 0

0
0	100	0
0	0	0
1	1	1
1	1	1	1
0 0 0 0 0 0 0 0 0 0 0 0 0 0 0 0 0

0
0	100	0
0	0	0
1	1	1
1	1	1	1
0 0 0 0 0 0 0 0 0 0 0 0 0 0 0 0 0

0
0	100	0
0	0	0
1	1	1
1	1	1	1
0 0 0 0 0 0 0 0 0 0 0 0 0 0 0 0 0

0
0	100	0
0	0	0
1	1	1
1	1	1	1
0 0 0 0 0 0 0 0 0 0 0 0 0 0 0 0 0

0
0	100	0
0	0	0
1	1	1
1	1	1	1
0 0 0 0 0 0 0 0 0 0 0 0 0 0 0 0 0

0
0	100	0
0	0	0
1	1	1
1	1	1	1
0 0 0 0 0 0 0 0 0 0 0 0 0 0 0 0 0

0
0	100	0
0	0	0
1	1	1
1	1	1	1
0 0 0 0 0 0 0 0 0 0 0 0 0 0 0 0 0

0
0	100	0
0	0	0
1	1	1
1	1	1	1
0 0 0 0 0 0 0 0 0 0 0 0 0 0 0 0 0

0
0	100	0
0	0	0
1	1	1
1	1	1	1
0 0 0 0 0 0 0 0 0 0 0 0 0 0 0 0 0

0
0	100	0
0	0	0
1	1	1
1	1	1	1
0 0 0 0 0 0 0 0 0 0 0 0 0 0 0 0 0

0
0	100	0
0	0	0
1	1	1
1	1	1	1
0 0 0 0 0 0 0 0 0 0 0 0 0 0 0 0 0

0
0	100	0
0	0	0
1	1	1
1	1	1	1
0 0 0 0 0 0 0 0 0 0 0 0 0 0 0 0 0

0
0	100	0
0	0	0
1	1	1
1	1	1	1
0 0 0 0 0 0 0 0 0 0 0 0 0 0 0 0 0

0
0	100	0
0	0	0
1	1	1
1	1	1	1
0 0 0 0 0 0 0 0 0 0 0 0 0 0 0 0 0

0
0	100	0
0	0	0
1	1	1
1	1	1	1
0 0 0 0 0 0 0 0 0 0 0 0 0 0 0 0 0

0
0	100	0
0	0	0
1	1	1
1	1	1	1
0 0 0 0 0 0 0 0 0 0 0 0 0 0 0 0 0

0
0	100	0
0	0	0
1	1	1
1	1	1	1
0 0 0 0 0 0 0 0 0 0 0 0 0 0 0 0 0

0
0	100	0
0	0	0
1	1	1
1	1	1	1
0 0 0 0 0 0 0 0 0 0 0 0 0 0 0 0 0

0
0	100	0
0	0	0
1	1	1
1	1	1	1
0 0 0 0 0 0 0 0 0 0 0 0 0 0 0 0 0

0
0	100	0
0	0	0
1	1	1
1	1	1	1
0 0 0 0 0 0 0 0 0 0 0 0 0 0 0 0 0

0
0	100	0
0	0	0
1	1	1
1	1	1	1
0 0 0 0 0 0 0 0 0 0 0 0 0 0 0 0 0

0
0	100	0
0	0	0
1	1	1
1	1	1	1
0 0 0 0 0 0 0 0 0 0 0 0 0 0 0 0 0

0
0	100	0
0	0	0
1	1	1
1	1	1	1
0 0 0 0 0 0 0 0 0 0 0 0 0 0 0 0 0

0
0	100	0
0	0	0
1	1	1
1	1	1	1
0 0 0 0 0 0 0 0 0 0 0 0 0 0 0 0 0

0
0	100	0
0	0	0
1	1	1
1	1	1	1
0 0 0 0 0 0 0 0 0 0 0 0 0 0 0 0 0

0
0	100	0
0	0	0
1	1	1
1	1	1	1
0 0 0 0 0 0 0 0 0 0 0 0 0 0 0 0 0

0
0	100	0
0	0	0
1	1	1
1	1	1	1
0 0 0 0 0 0 0 0 0 0 0 0 0 0 0 0 0

0
0	100	0
0	0	0
1	1	1
1	1	1	1
0 0 0 0 0 0 0 0 0 0 0 0 0 0 0 0 0

0
0	100	0
0	0	0
1	1	1
1	1	1	1
0 0 0 0 0 0 0 0 0 0 0 0 0 0 0 0 0

0
0	100	0
0	0	0
1	1	1
1	1	1	1
0 0 0 0 0 0 0 0 0 0 0 0 0 0 0 0 0

0
0	100	0
0	0	0
1	1	1
1	1	1	1
0 0 0 0 0 0 0 0 0 0 0 0 0 0 0 0 0

0
0	100	0
0	0	0
1	1	1
1	1	1	1
0 0 0 0 0 0 0 0 0 0 0 0 0 0 0 0 0

0
0	100	0
0	0	0
1	1	1
1	1	1	1
0 0 0 0 0 0 0 0 0 0 0 0 0 0 0 0 0

0
0	100	0
0	0	0
1	1	1
1	1	1	1
0 0 0 0 0 0 0 0 0 0 0 0 0 0 0 0 0

0
0	100	0
0	0	0
1	1	1
1	1	1	1
0 0 0 0 0 0 0 0 0 0 0 0 0 0 0 0 0

0
0	100	0
0	0	0
1	1	1
1	1	1	1
0 0 0 0 0 0 0 0 0 0 0 0 0 0 0 0 0

0
0	100	0
0	0	0
1	1	1
1	1	1	1
0 0 0 0 0 0 0 0 0 0 0 0 0 0 0 0 0

0
0	100	0
0	0	0
1	1	1
1	1	1	1
0 0 0 0 0 0 0 0 0 0 0 0 0 0 0 0 0

0
0	100	0
0	0	0
1	1	1
1	1	1	1
0 0 0 0 0 0 0 0 0 0 0 0 0 0 0 0 0

0
0	100	0
0	0	0
1	1	1
1	1	1	1
0 0 0 0 0 0 0 0 0 0 0 0 0 0 0 0 0

0
0	100	0
0	0	0
1	1	1
1	1	1	1
0 0 0 0 0 0 0 0 0 0 0 0 0 0 0 0 0

0
0	100	0
0	0	0
1	1	1
1	1	1	1
0 0 0 0 0 0 0 0 0 0 0 0 0 0 0 0 0

0
0	100	0
0	0	0
1	1	1
1	1	1	1
0 0 0 0 0 0 0 0 0 0 0 0 0 0 0 0 0

0
0	100	0
0	0	0
1	1	1
1	1	1	1
0 0 0 0 0 0 0 0 0 0 0 0 0 0 0 0 0

0
0	100	0
0	0	0
1	1	1
1	1	1	1
0 0 0 0 0 0 0 0 0 0 0 0 0 0 0 0 0

0
0	100	0
0	0	0
1	1	1
1	1	1	1
0 0 0 0 0 0 0 0 0 0 0 0 0 0 0 0 0

0
0	100	0
0	0	0
1	1	1
1	1	1	1
0 0 0 0 0 0 0 0 0 0 0 0 0 0 0 0 0

0
0	100	0
0	0	0
1	1	1
1	1	1	1
0 0 0 0 0 0 0 0 0 0 0 0 0 0 0 0 0

0
0	100	0
0	0	0
1	1	1
1	1	1	1
0 0 0 0 0 0 0 0 0 0 0 0 0 0 0 0 0

0
0	100	0
0	0	0
1	1	1
1	1	1	1
0 0 0 0 0 0 0 0 0 0 0 0 0 0 0 0 0

0
0	100	0
0	0	0
1	1	1
1	1	1	1
0 0 0 0 0 0 0 0 0 0 0 0 0 0 0 0 0

0
0	100	0
0	0	0
1	1	1
1	1	1	1
0 0 0 0 0 0 0 0 0 0 0 0 0 0 0 0 0

0
0	100	0
0	0	0
1	1	1
1	1	1	1
0 0 0 0 0 0 0 0 0 0 0 0 0 0 0 0 0

0
0	100	0
0	0	0
1	1	1
1	1	1	1
0 0 0 0 0 0 0 0 0 0 0 0 0 0 0 0 0

0
0	100	0
0	0	0
1	1	1
1	1	1	1
0 0 0 0 0 0 0 0 0 0 0 0 0 0 0 0 0

0
0	100	0
0	0	0
1	1	1
1	1	1	1
0 0 0 0 0 0 0 0 0 0 0 0 0 0 0 0 0

0
0	100	0
0	0	0
1	1	1
1	1	1	1
0 0 0 0 0 0 0 0 0 0 0 0 0 0 0 0 0

0
0	100	0
0	0	0
1	1	1
1	1	1	1
0 0 0 0 0 0 0 0 0 0 0 0 0 0 0 0 0

0
0	100	0
0	0	0
1	1	1
1	1	1	1
0 0 0 0 0 0 0 0 0 0 0 0 0 0 0 0 0

0
0	100	0
0	0	0
1	1	1
1	1	1	1
0 0 0 0 0 0 0 0 0 0 0 0 0 0 0 0 0

0
0	100	0
0	0	0
1	1	1
1	1	1	1
0 0 0 0 0 0 0 0 0 0 0 0 0 0 0 0 0

0
0	100	0
0	0	0
1	1	1
1	1	1	1
0 0 0 0 0 0 0 0 0 0 0 0 0 0 0 0 0

0
0	100	0
0	0	0
1	1	1
1	1	1	1
0 0 0 0 0 0 0 0 0 0 0 0 0 0 0 0 0

0
0	100	0
0	0	0
1	1	1
1	1	1	1
0 0 0 0 0 0 0 0 0 0 0 0 0 0 0 0 0

0
0	100	0
0	0	0
1	1	1
1	1	1	1
0 0 0 0 0 0 0 0 0 0 0 0 0 0 0 0 0

0
0	100	0
0	0	0
1	1	1
1	1	1	1
0 0 0 0 0 0 0 0 0 0 0 0 0 0 0 0 0

0
0	100	0
0	0	0
1	1	1
1	1	1	1
0 0 0 0 0 0 0 0 0 0 0 0 0 0 0 0 0

0
0	100	0
0	0	0
1	1	1
1	1	1	1
0 0 0 0 0 0 0 0 0 0 0 0 0 0 0 0 0

0
0	100	0
0	0	0
1	1	1
1	1	1	1
0 0 0 0 0 0 0 0 0 0 0 0 0 0 0 0 0

0
0	100	0
0	0	0
1	1	1
1	1	1	1
0 0 0 0 0 0 0 0 0 0 0 0 0 0 0 0 0

0
0	100	0
0	0	0
1	1	1
1	1	1	1
0 0 0 0 0 0 0 0 0 0 0 0 0 0 0 0 0

0
0	100	0
0	0	0
1	1	1
1	1	1	1
0 0 0 0 0 0 0 0 0 0 0 0 0 0 0 0 0

0
0	100	0
0	0	0
1	1	1
1	1	1	1
0 0 0 0 0 0 0 0 0 0 0 0 0 0 0 0 0

0
0	100	0
0	0	0
1	1	1
1	1	1	1
0 0 0 0 0 0 0 0 0 0 0 0 0 0 0 0 0

0
0	100	0
0	0	0
1	1	1
1	1	1	1
0 0 0 0 0 0 0 0 0 0 0 0 0 0 0 0 0

0
0	100	0
0	0	0
1	1	1
1	1	1	1
0 0 0 0 0 0 0 0 0 0 0 0 0 0 0 0 0

0
0	100	0
0	0	0
1	1	1
1	1	1	1
0 0 0 0 0 0 0 0 0 0 0 0 0 0 0 0 0

0
0	100	0
0	0	0
1	1	1
1	1	1	1
0 0 0 0 0 0 0 0 0 0 0 0 0 0 0 0 0

0
0	100	0
0	0	0
1	1	1
1	1	1	1
0 0 0 0 0 0 0 0 0 0 0 0 0 0 0 0 0

0
0	100	0
0	0	0
1	1	1
1	1	1	1
0 0 0 0 0 0 0 0 0 0 0 0 0 0 0 0 0

0
0	100	0
0	0	0
1	1	1
1	1	1	1
0 0 0 0 0 0 0 0 0 0 0 0 0 0 0 0 0

0
0	100	0
0	0	0
1	1	1
1	1	1	1
0 0 0 0 0 0 0 0 0 0 0 0 0 0 0 0 0

0
0	100	0
0	0	0
1	1	1
1	1	1	1
0 0 0 0 0 0 0 0 0 0 0 0 0 0 0 0 0

0
0	100	0
0	0	0
1	1	1
1	1	1	1
0 0 0 0 0 0 0 0 0 0 0 0 0 0 0 0 0

0
0	100	0
0	0	0
1	1	1
1	1	1	1
0 0 0 0 0 0 0 0 0 0 0 0 0 0 0 0 0

0
0	100	0
0	0	0
1	1	1
1	1	1	1
0 0 0 0 0 0 0 0 0 0 0 0 0 0 0 0 0

0
0	100	0
0	0	0
1	1	1
1	1	1	1
0 0 0 0 0 0 0 0 0 0 0 0 0 0 0 0 0

0
0	100	0
0	0	0
1	1	1
1	1	1	1
0 0 0 0 0 0 0 0 0 0 0 0 0 0 0 0 0

0
0	100	0
0	0	0
1	1	1
1	1	1	1
0 0 0 0 0 0 0 0 0 0 0 0 0 0 0 0 0

0
0	100	0
0	0	0
1	1	1
1	1	1	1
0 0 0 0 0 0 0 0 0 0 0 0 0 0 0 0 0

0
0	100	0
0	0	0
1	1	1
1	1	1	1
0 0 0 0 0 0 0 0 0 0 0 0 0 0 0 0 0

0
0	100	0
0	0	0
1	1	1
1	1	1	1
0 0 0 0 0 0 0 0 0 0 0 0 0 0 0 0 0

0
0	100	0
0	0	0
1	1	1
1	1	1	1
0 0 0 0 0 0 0 0 0 0 0 0 0 0 0 0 0

0
0	100	0
0	0	0
1	1	1
1	1	1	1
0 0 0 0 0 0 0 0 0 0 0 0 0 0 0 0 0

0
0	100	0
0	0	0
1	1	1
1	1	1	1
0 0 0 0 0 0 0 0 0 0 0 0 0 0 0 0 0

0
0	100	0
0	0	0
1	1	1
1	1	1	1
0 0 0 0 0 0 0 0 0 0 0 0 0 0 0 0 0

0
0	100	0
0	0	0
1	1	1
1	1	1	1
0 0 0 0 0 0 0 0 0 0 0 0 0 0 0 0 0

0
0	100	0
0	0	0
1	1	1
1	1	1	1
0 0 0 0 0 0 0 0 0 0 0 0 0 0 0 0 0

0
0	100	0
0	0	0
1	1	1
1	1	1	1
0 0 0 0 0 0 0 0 0 0 0 0 0 0 0 0 0

0
0	100	0
0	0	0
1	1	1
1	1	1	1
0 0 0 0 0 0 0 0 0 0 0 0 0 0 0 0 0

0
0	100	0
0	0	0
1	1	1
1	1	1	1
0 0 0 0 0 0 0 0 0 0 0 0 0 0 0 0 0

0
0	100	0
0	0	0
1	1	1
1	1	1	1
0 0 0 0 0 0 0 0 0 0 0 0 0 0 0 0 0

0
0	100	0
0	0	0
1	1	1
1	1	1	1
0 0 0 0 0 0 0 0 0 0 0 0 0 0 0 0 0

0
0	100	0
0	0	0
1	1	1
1	1	1	1
0 0 0 0 0 0 0 0 0 0 0 0 0 0 0 0 0

0
0	100	0
0	0	0
1	1	1
1	1	1	1
0 0 0 0 0 0 0 0 0 0 0 0 0 0 0 0 0

0
0	100	0
0	0	0
1	1	1
1	1	1	1
0 0 0 0 0 0 0 0 0 0 0 0 0 0 0 0 0

0
0	100	0
0	0	0
1	1	1
1	1	1	1
0 0 0 0 0 0 0 0 0 0 0 0 0 0 0 0 0

0
0	100	0
0	0	0
1	1	1
1	1	1	1
0 0 0 0 0 0 0 0 0 0 0 0 0 0 0 0 0

0
0	100	0
0	0	0
1	1	1
1	1	1	1
0 0 0 0 0 0 0 0 0 0 0 0 0 0 0 0 0

0
0	100	0
0	0	0
1	1	1
1	1	1	1
0 0 0 0 0 0 0 0 0 0 0 0 0 0 0 0 0

0
0	100	0
0	0	0
1	1	1
1	1	1	1
0 0 0 0 0 0 0 0 0 0 0 0 0 0 0 0 0

0
0	100	0
0	0	0
1	1	1
1	1	1	1
0 0 0 0 0 0 0 0 0 0 0 0 0 0 0 0 0

0
0	100	0
0	0	0
1	1	1
1	1	1	1
0 0 0 0 0 0 0 0 0 0 0 0 0 0 0 0 0

0
0	100	0
0	0	0
1	1	1
1	1	1	1
0 0 0 0 0 0 0 0 0 0 0 0 0 0 0 0 0

0
0	100	0
0	0	0
1	1	1
1	1	1	1
0 0 0 0 0 0 0 0 0 0 0 0 0 0 0 0 0

0
0	100	0
0	0	0
1	1	1
1	1	1	1
0 0 0 0 0 0 0 0 0 0 0 0 0 0 0 0 0

0
0	100	0
0	0	0
1	1	1
1	1	1	1
0 0 0 0 0 0 0 0 0 0 0 0 0 0 0 0 0

0
0	100	0
0	0	0
1	1	1
1	1	1	1
0 0 0 0 0 0 0 0 0 0 0 0 0 0 0 0 0

0
0	100	0
0	0	0
1	1	1
1	1	1	1
0 0 0 0 0 0 0 0 0 0 0 0 0 0 0 0 0

0
0	100	0
0	0	0
1	1	1
1	1	1	1
0 0 0 0 0 0 0 0 0 0 0 0 0 0 0 0 0

0
0	100	0
0	0	0
1	1	1
1	1	1	1
0 0 0 0 0 0 0 0 0 0 0 0 0 0 0 0 0

0
0	100	0
0	0	0
1	1	1
1	1	1	1
0 0 0 0 0 0 0 0 0 0 0 0 0 0 0 0 0

0
0	100	0
0	0	0
1	1	1
1	1	1	1
0 0 0 0 0 0 0 0 0 0 0 0 0 0 0 0 0

0
0	100	0
0	0	0
1	1	1
1	1	1	1
0 0 0 0 0 0 0 0 0 0 0 0 0 0 0 0 0

0
0	100	0
0	0	0
1	1	1
1	1	1	1
0 0 0 0 0 0 0 0 0 0 0 0 0 0 0 0 0

0
0	100	0
0	0	0
1	1	1
1	1	1	1
0 0 0 0 0 0 0 0 0 0 0 0 0 0 0 0 0

0
0	100	0
0	0	0
1	1	1
1	1	1	1
0 0 0 0 0 0 0 0 0 0 0 0 0 0 0 0 0

0
0	100	0
0	0	0
1	1	1
1	1	1	1
0 0 0 0 0 0 0 0 0 0 0 0 0 0 0 0 0

0
0	100	0
0	0	0
1	1	1
1	1	1	1
0 0 0 0 0 0 0 0 0 0 0 0 0 0 0 0 0

0
0	100	0
0	0	0
1	1	1
1	1	1	1
0 0 0 0 0 0 0 0 0 0 0 0 0 0 0 0 0

0
0	100	0
0	0	0
1	1	1
1	1	1	1
0 0 0 0 0 0 0 0 0 0 0 0 0 0 0 0 0

0
0	100	0
0	0	0
1	1	1
1	1	1	1
0 0 0 0 0 0 0 0 0 0 0 0 0 0 0 0 0

0
0	100	0
0	0	0
1	1	1
1	1	1	1
0 0 0 0 0 0 0 0 0 0 0 0 0 0 0 0 0

0
0	100	0
0	0	0
1	1	1
1	1	1	1
0 0 0 0 0 0 0 0 0 0 0 0 0 0 0 0 0

0
0	100	0
0	0	0
1	1	1
1	1	1	1
0 0 0 0 0 0 0 0 0 0 0 0 0 0 0 0 0

0
0	100	0
0	0	0
1	1	1
1	1	1	1
0 0 0 0 0 0 0 0 0 0 0 0 0 0 0 0 0

0
0	100	0
0	0	0
1	1	1
1	1	1	1
0 0 0 0 0 0 0 0 0 0 0 0 0 0 0 0 0

0
0	100	0
0	0	0
1	1	1
1	1	1	1
0 0 0 0 0 0 0 0 0 0 0 0 0 0 0 0 0

0
0	100	0
0	0	0
1	1	1
1	1	1	1
0 0 0 0 0 0 0 0 0 0 0 0 0 0 0 0 0

0
0	100	0
0	0	0
1	1	1
1	1	1	1
0 0 0 0 0 0 0 0 0 0 0 0 0 0 0 0 0

0
0	100	0
0	0	0
1	1	1
1	1	1	1
0 0 0 0 0 0 0 0 0 0 0 0 0 0 0 0 0

0
0	100	0
0	0	0
1	1	1
1	1	1	1
0 0 0 0 0 0 0 0 0 0 0 0 0 0 0 0 0

0
0	100	0
0	0	0
1	1	1
1	1	1	1
0 0 0 0 0 0 0 0 0 0 0 0 0 0 0 0 0

0
0	100	0
0	0	0
1	1	1
1	1	1	1
0 0 0 0 0 0 0 0 0 0 0 0 0 0 0 0 0

0
0	100	0
0	0	0
1	1	1
1	1	1	1
0 0 0 0 0 0 0 0 0 0 0 0 0 0 0 0 0

0
0	100	0
0	0	0
1	1	1
1	1	1	1
0 0 0 0 0 0 0 0 0 0 0 0 0 0 0 0 0

0
0	100	0
0	0	0
1	1	1
1	1	1	1
0 0 0 0 0 0 0 0 0 0 0 0 0 0 0 0 0

0
0	100	0
0	0	0
1	1	1
1	1	1	1
0 0 0 0 0 0 0 0 0 0 0 0 0 0 0 0 0

0
0	100	0
0	0	0
1	1	1
1	1	1	1
0 0 0 0 0 0 0 0 0 0 0 0 0 0 0 0 0

0
0	100	0
0	0	0
1	1	1
1	1	1	1
0 0 0 0 0 0 0 0 0 0 0 0 0 0 0 0 0

0
0	100	0
0	0	0
1	1	1
1	1	1	1
0 0 0 0 0 0 0 0 0 0 0 0 0 0 0 0 0

0
0	100	0
0	0	0
1	1	1
1	1	1	1
0 0 0 0 0 0 0 0 0 0 0 0 0 0 0 0 0

0
0	100	0
0	0	0
1	1	1
1	1	1	1
0 0 0 0 0 0 0 0 0 0 0 0 0 0 0 0 0

0
0	100	0
0	0	0
1	1	1
1	1	1	1
0 0 0 0 0 0 0 0 0 0 0 0 0 0 0 0 0

0
0	100	0
0	0	0
1	1	1
1	1	1	1
0 0 0 0 0 0 0 0 0 0 0 0 0 0 0 0 0

0
0	100	0
0	0	0
1	1	1
1	1	1	1
0 0 0 0 0 0 0 0 0 0 0 0 0 0 0 0 0

0
0	100	0
0	0	0
1	1	1
1	1	1	1
0 0 0 0 0 0 0 0 0 0 0 0 0 0 0 0 0

0
0	100	0
0	0	0
1	1	1
1	1	1	1
0 0 0 0 0 0 0 0 0 0 0 0 0 0 0 0 0

0
0	100	0
0	0	0
1	1	1
1	1	1	1
0 0 0 0 0 0 0 0 0 0 0 0 0 0 0 0 0

0
0	100	0
0	0	0
1	1	1
1	1	1	1
0 0 0 0 0 0 0 0 0 0 0 0 0 0 0 0 0

0
0	100	0
0	0	0
1	1	1
1	1	1	1
0 0 0 0 0 0 0 0 0 0 0 0 0 0 0 0 0

0
0	100	0
0	0	0
1	1	1
1	1	1	1
0 0 0 0 0 0 0 0 0 0 0 0 0 0 0 0 0

0
0	100	0
0	0	0
1	1	1
1	1	1	1
0 0 0 0 0 0 0 0 0 0 0 0 0 0 0 0 0

0
0	100	0
0	0	0
1	1	1
1	1	1	1
0 0 0 0 0 0 0 0 0 0 0 0 0 0 0 0 0

0
0	100	0
0	0	0
1	1	1
1	1	1	1
0 0 0 0 0 0 0 0 0 0 0 0 0 0 0 0 0

0
0	100	0
0	0	0
1	1	1
1	1	1	1
0 0 0 0 0 0 0 0 0 0 0 0 0 0 0 0 0

0
0	100	0
0	0	0
1	1	1
1	1	1	1
0 0 0 0 0 0 0 0 0 0 0 0 0 0 0 0 0

0
0	100	0
0	0	0
1	1	1
1	1	1	1
0 0 0 0 0 0 0 0 0 0 0 0 0 0 0 0 0

0
0	100	0
0	0	0
1	1	1
1	1	1	1
0 0 0 0 0 0 0 0 0 0 0 0 0 0 0 0 0

0
0	100	0
0	0	0
1	1	1
1	1	1	1
0 0 0 0 0 0 0 0 0 0 0 0 0 0 0 0 0

0
0	100	0
0	0	0
1	1	1
1	1	1	1
0 0 0 0 0 0 0 0 0 0 0 0 0 0 0 0 0

0
0	100	0
0	0	0
1	1	1
1	1	1	1
0 0 0 0 0 0 0 0 0 0 0 0 0 0 0 0 0

0
0	100	0
0	0	0
1	1	1
1	1	1	1
0 0 0 0 0 0 0 0 0 0 0 0 0 0 0 0 0

0
0	100	0
0	0	0
1	1	1
1	1	1	1
0 0 0 0 0 0 0 0 0 0 0 0 0 0 0 0 0

0
0	100	0
0	0	0
1	1	1
1	1	1	1
0 0 0 0 0 0 0 0 0 0 0 0 0 0 0 0 0

0
0	100	0
0	0	0
1	1	1
1	1	1	1
0 0 0 0 0 0 0 0 0 0 0 0 0 0 0 0 0

0
0	100	0
0	0	0
1	1	1
1	1	1	1
0 0 0 0 0 0 0 0 0 0 0 0 0 0 0 0 0

0
0	100	0
0	0	0
1	1	1
1	1	1	1
0 0 0 0 0 0 0 0 0 0 0 0 0 0 0 0 0

0
0	100	0
0	0	0
1	1	1
1	1	1	1
0 0 0 0 0 0 0 0 0 0 0 0 0 0 0 0 0

0
0	100	0
0	0	0
1	1	1
1	1	1	1
0 0 0 0 0 0 0 0 0 0 0 0 0 0 0 0 0

0
0	100	0
0	0	0
1	1	1
1	1	1	1
0 0 0 0 0 0 0 0 0 0 0 0 0 0 0 0 0

0
0	100	0
0	0	0
1	1	1
1	1	1	1
0 0 0 0 0 0 0 0 0 0 0 0 0 0 0 0 0

0
0	100	0
0	0	0
1	1	1
1	1	1	1
0 0 0 0 0 0 0 0 0 0 0 0 0 0 0 0 0

0
0	100	0
0	0	0
1	1	1
1	1	1	1
0 0 0 0 0 0 0 0 0 0 0 0 0 0 0 0 0

0
0	100	0
0	0	0
1	1	1
1	1	1	1
0 0 0 0 0 0 0 0 0 0 0 0 0 0 0 0 0

0
0	100	0
0	0	0
1	1	1
1	1	1	1
0 0 0 0 0 0 0 0 0 0 0 0 0 0 0 0 0

0
0	100	0
0	0	0
1	1	1
1	1	1	1
0 0 0 0 0 0 0 0 0 0 0 0 0 0 0 0 0

0
0	100	0
0	0	0
1	1	1
1	1	1	1
0 0 0 0 0 0 0 0 0 0 0 0 0 0 0 0 0

0
0	100	0
0	0	0
1	1	1
1	1	1	1
0 0 0 0 0 0 0 0 0 0 0 0 0 0 0 0 0

0
0	100	0
0	0	0
1	1	1
1	1	1	1
0 0 0 0 0 0 0 0 0 0 0 0 0 0 0 0 0

0
0	100	0
0	0	0
1	1	1
1	1	1	1
0 0 0 0 0 0 0 0 0 0 0 0 0 0 0 0 0

0
0	100	0
0	0	0
1	1	1
1	1	1	1
0 0 0 0 0 0 0 0 0 0 0 0 0 0 0 0 0

0
0	100	0
0	0	0
1	1	1
1	1	1	1
0 0 0 0 0 0 0 0 0 0 0 0 0 0 0 0 0

0
0	100	0
0	0	0
1	1	1
1	1	1	1
0 0 0 0 0 0 0 0 0 0 0 0 0 0 0 0 0

0
0	100	0
0	0	0
1	1	1
1	1	1	1
0 0 0 0 0 0 0 0 0 0 0 0 0 0 0 0 0

0
0	100	0
0	0	0
1	1	1
1	1	1	1
0 0 0 0 0 0 0 0 0 0 0 0 0 0 0 0 0

0
0	100	0
0	0	0
1	1	1
1	1	1	1
0 0 0 0 0 0 0 0 0 0 0 0 0 0 0 0 0

0
0	100	0
0	0	0
1	1	1
1	1	1	1
0 0 0 0 0 0 0 0 0 0 0 0 0 0 0 0 0

0
0	100	0
0	0	0
1	1	1
1	1	1	1
0 0 0 0 0 0 0 0 0 0 0 0 0 0 0 0 0

0
0	100	0
0	0	0
1	1	1
1	1	1	1
0 0 0 0 0 0 0 0 0 0 0 0 0 0 0 0 0

0
0	100	0
0	0	0
1	1	1
1	1	1	1
0 0 0 0 0 0 0 0 0 0 0 0 0 0 0 0 0

0
0	100	0
0	0	0
1	1	1
1	1	1	1
0 0 0 0 0 0 0 0 0 0 0 0 0 0 0 0 0

0
0	100	0
0	0	0
1	1	1
1	1	1	1
0 0 0 0 0 0 0 0 0 0 0 0 0 0 0 0 0

0
0	100	0
0	0	0
1	1	1
1	1	1	1
0 0 0 0 0 0 0 0 0 0 0 0 0 0 0 0 0

0
0	100	0
0	0	0
1	1	1
1	1	1	1
0 0 0 0 0 0 0 0 0 0 0 0 0 0 0 0 0

0
0	100	0
0	0	0
1	1	1
1	1	1	1
0 0 0 0 0 0 0 0 0 0 0 0 0 0 0 0 0

0
0	100	0
0	0	0
1	1	1
1	1	1	1
0 0 0 0 0 0 0 0 0 0 0 0 0 0 0 0 0

0
0	100	0
0	0	0
1	1	1
1	1	1	1
0 0 0 0 0 0 0 0 0 0 0 0 0 0 0 0 0

0
0	100	0
0	0	0
1	1	1
1	1	1	1
0 0 0 0 0 0 0 0 0 0 0 0 0 0 0 0 0

0
0	100	0
0	0	0
1	1	1
1	1	1	1
0 0 0 0 0 0 0 0 0 0 0 0 0 0 0 0 0

0
0	100	0
0	0	0
1	1	1
1	1	1	1
0 0 0 0 0 0 0 0 0 0 0 0 0 0 0 0 0

0
0	100	0
0	0	0
1	1	1
1	1	1	1
0 0 0 0 0 0 0 0 0 0 0 0 0 0 0 0 0

0
0	100	0
0	0	0
1	1	1
1	1	1	1
0 0 0 0 0 0 0 0 0 0 0 0 0 0 0 0 0

0
0	100	0
0	0	0
1	1	1
1	1	1	1
0 0 0 0 0 0 0 0 0 0 0 0 0 0 0 0 0

0
0	100	0
0	0	0
1	1	1
1	1	1	1
0 0 0 0 0 0 0 0 0 0 0 0 0 0 0 0 0

0
0	100	0
0	0	0
1	1	1
1	1	1	1
0 0 0 0 0 0 0 0 0 0 0 0 0 0 0 0 0

0
0	100	0
0	0	0
1	1	1
1	1	1	1
0 0 0 0 0 0 0 0 0 0 0 0 0 0 0 0 0

0
0	100	0
0	0	0
1	1	1
1	1	1	1
0 0 0 0 0 0 0 0 0 0 0 0 0 0 0 0 0

0
0	100	0
0	0	0
1	1	1
1	1	1	1
0 0 0 0 0 0 0 0 0 0 0 0 0 0 0 0 0

0
0	100	0
0	0	0
1	1	1
1	1	1	1
0 0 0 0 0 0 0 0 0 0 0 0 0 0 0 0 0

0
0	100	0
0	0	0
1	1	1
1	1	1	1
0 0 0 0 0 0 0 0 0 0 0 0 0 0 0 0 0

0
0	100	0
0	0	0
1	1	1
1	1	1	1
0 0 0 0 0 0 0 0 0 0 0 0 0 0 0 0 0

0
0	100	0
0	0	0
1	1	1
1	1	1	1
0 0 0 0 0 0 0 0 0 0 0 0 0 0 0 0 0

0
0	100	0
0	0	0
1	1	1
1	1	1	1
0 0 0 0 0 0 0 0 0 0 0 0 0 0 0 0 0

0
0	100	0
0	0	0
1	1	1
1	1	1	1
0 0 0 0 0 0 0 0 0 0 0 0 0 0 0 0 0

0
0	100	0
0	0	0
1	1	1
1	1	1	1
0 0 0 0 0 0 0 0 0 0 0 0 0 0 0 0 0

0
0	100	0
0	0	0
1	1	1
1	1	1	1
0 0 0 0 0 0 0 0 0 0 0 0 0 0 0 0 0

0
0	100	0
0	0	0
1	1	1
1	1	1	1
0 0 0 0 0 0 0 0 0 0 0 0 0 0 0 0 0

0
0	100	0
0	0	0
1	1	1
1	1	1	1
0 0 0 0 0 0 0 0 0 0 0 0 0 0 0 0 0

0
0	100	0
0	0	0
1	1	1
1	1	1	1
0 0 0 0 0 0 0 0 0 0 0 0 0 0 0 0 0

0
0	100	0
0	0	0
1	1	1
1	1	1	1
0 0 0 0 0 0 0 0 0 0 0 0 0 0 0 0 0

0
0	100	0
0	0	0
1	1	1
1	1	1	1
0 0 0 0 0 0 0 0 0 0 0 0 0 0 0 0 0

0
0	100	0
0	0	0
1	1	1
1	1	1	1
0 0 0 0 0 0 0 0 0 0 0 0 0 0 0 0 0

0
0	100	0
0	0	0
1	1	1
1	1	1	1
0 0 0 0 0 0 0 0 0 0 0 0 0 0 0 0 0

0
0	100	0
0	0	0
1	1	1
1	1	1	1
0 0 0 0 0 0 0 0 0 0 0 0 0 0 0 0 0

0
0	100	0
0	0	0
1	1	1
1	1	1	1
0 0 0 0 0 0 0 0 0 0 0 0 0 0 0 0 0

0
0	100	0
0	0	0
1	1	1
1	1	1	1
0 0 0 0 0 0 0 0 0 0 0 0 0 0 0 0 0

0
0	100	0
0	0	0
1	1	1
1	1	1	1
0 0 0 0 0 0 0 0 0 0 0 0 0 0 0 0 0

0
0	100	0
0	0	0
1	1	1
1	1	1	1
0 0 0 0 0 0 0 0 0 0 0 0 0 0 0 0 0

0
0	100	0
0	0	0
1	1	1
1	1	1	1
0 0 0 0 0 0 0 0 0 0 0 0 0 0 0 0 0

0
0	100	0
0	0	0
1	1	1
1	1	1	1
0 0 0 0 0 0 0 0 0 0 0 0 0 0 0 0 0

0
0	100	0
0	0	0
1	1	1
1	1	1	1
0 0 0 0 0 0 0 0 0 0 0 0 0 0 0 0 0

0
0	100	0
0	0	0
1	1	1
1	1	1	1
0 0 0 0 0 0 0 0 0 0 0 0 0 0 0 0 0

0
0	100	0
0	0	0
1	1	1
1	1	1	1
0 0 0 0 0 0 0 0 0 0 0 0 0 0 0 0 0

0
0	100	0
0	0	0
1	1	1
1	1	1	1
0 0 0 0 0 0 0 0 0 0 0 0 0 0 0 0 0

0
0	100	0
0	0	0
1	1	1
1	1	1	1
0 0 0 0 0 0 0 0 0 0 0 0 0 0 0 0 0

0
0	100	0
0	0	0
1	1	1
1	1	1	1
0 0 0 0 0 0 0 0 0 0 0 0 0 0 0 0 0

0
0	100	0
0	0	0
1	1	1
1	1	1	1
0 0 0 0 0 0 0 0 0 0 0 0 0 0 0 0 0

0
0	100	0
0	0	0
1	1	1
1	1	1	1
0 0 0 0 0 0 0 0 0 0 0 0 0 0 0 0 0

0
0	100	0
0	0	0
1	1	1
1	1	1	1
0 0 0 0 0 0 0 0 0 0 0 0 0 0 0 0 0

0
0	100	0
0	0	0
1	1	1
1	1	1	1
0 0 0 0 0 0 0 0 0 0 0 0 0 0 0 0 0

0
0	100	0
0	0	0
1	1	1
1	1	1	1
0 0 0 0 0 0 0 0 0 0 0 0 0 0 0 0 0

0
0	100	0
0	0	0
1	1	1
1	1	1	1
0 0 0 0 0 0 0 0 0 0 0 0 0 0 0 0 0

0
0	100	0
0	0	0
1	1	1
1	1	1	1
0 0 0 0 0 0 0 0 0 0 0 0 0 0 0 0 0

0
0	100	0
0	0	0
1	1	1
1	1	1	1
0 0 0 0 0 0 0 0 0 0 0 0 0 0 0 0 0

0
0	100	0
0	0	0
1	1	1
1	1	1	1
0 0 0 0 0 0 0 0 0 0 0 0 0 0 0 0 0

0
0	100	0
0	0	0
1	1	1
1	1	1	1
0 0 0 0 0 0 0 0 0 0 0 0 0 0 0 0 0

0
0	100	0
0	0	0
1	1	1
1	1	1	1
0 0 0 0 0 0 0 0 0 0 0 0 0 0 0 0 0

0
0	100	0
0	0	0
1	1	1
1	1	1	1
0 0 0 0 0 0 0 0 0 0 0 0 0 0 0 0 0

0
0	100	0
0	0	0
1	1	1
1	1	1	1
0 0 0 0 0 0 0 0 0 0 0 0 0 0 0 0 0

0
0	100	0
0	0	0
1	1	1
1	1	1	1
0 0 0 0 0 0 0 0 0 0 0 0 0 0 0 0 0

0
0	100	0
0	0	0
1	1	1
1	1	1	1
0 0 0 0 0 0 0 0 0 0 0 0 0 0 0 0 0

0
0	100	0
0	0	0
1	1	1
1	1	1	1
0 0 0 0 0 0 0 0 0 0 0 0 0 0 0 0 0

0
0	100	0
0	0	0
1	1	1
1	1	1	1
0 0 0 0 0 0 0 0 0 0 0 0 0 0 0 0 0

0
0	100	0
0	0	0
1	1	1
1	1	1	1
0 0 0 0 0 0 0 0 0 0 0 0 0 0 0 0 0

0
0	100	0
0	0	0
1	1	1
1	1	1	1
0 0 0 0 0 0 0 0 0 0 0 0 0 0 0 0 0

0
0	100	0
0	0	0
1	1	1
1	1	1	1
0 0 0 0 0 0 0 0 0 0 0 0 0 0 0 0 0

0
0	100	0
0	0	0
1	1	1
1	1	1	1
0 0 0 0 0 0 0 0 0 0 0 0 0 0 0 0 0

0
0	100	0
0	0	0
1	1	1
1	1	1	1
0 0 0 0 0 0 0 0 0 0 0 0 0 0 0 0 0

0
0	100	0
0	0	0
1	1	1
1	1	1	1
0 0 0 0 0 0 0 0 0 0 0 0 0 0 0 0 0

0
0	100	0
0	0	0
1	1	1
1	1	1	1
0 0 0 0 0 0 0 0 0 0 0 0 0 0 0 0 0

0
0	100	0
0	0	0
1	1	1
1	1	1	1
0 0 0 0 0 0 0 0 0 0 0 0 0 0 0 0 0

0
0	100	0
0	0	0
1	1	1
1	1	1	1
0 0 0 0 0 0 0 0 0 0 0 0 0 0 0 0 0

0
0	100	0
0	0	0
1	1	1
1	1	1	1
0 0 0 0 0 0 0 0 0 0 0 0 0 0 0 0 0

0
0	100	0
0	0	0
1	1	1
1	1	1	1
0 0 0 0 0 0 0 0 0 0 0 0 0 0 0 0 0

0
0	100	0
0	0	0
1	1	1
1	1	1	1
0 0 0 0 0 0 0 0 0 0 0 0 0 0 0 0 0

0
0	100	0
0	0	0
1	1	1
1	1	1	1
0 0 0 0 0 0 0 0 0 0 0 0 0 0 0 0 0

0
0	100	0
0	0	0
1	1	1
1	1	1	1
0 0 0 0 0 0 0 0 0 0 0 0 0 0 0 0 0

0
0	100	0
0	0	0
1	1	1
1	1	1	1
0 0 0 0 0 0 0 0 0 0 0 0 0 0 0 0 0

0
0	100	0
0	0	0
1	1	1
1	1	1	1
0 0 0 0 0 0 0 0 0 0 0 0 0 0 0 0 0

0
0	100	0
0	0	0
1	1	1
1	1	1	1
0 0 0 0 0 0 0 0 0 0 0 0 0 0 0 0 0

0
0	100	0
0	0	0
1	1	1
1	1	1	1
0 0 0 0 0 0 0 0 0 0 0 0 0 0 0 0 0

0
0	100	0
0	0	0
1	1	1
1	1	1	1
0 0 0 0 0 0 0 0 0 0 0 0 0 0 0 0 0

0
0	100	0
0	0	0
1	1	1
1	1	1	1
0 0 0 0 0 0 0 0 0 0 0 0 0 0 0 0 0

0
0	100	0
0	0	0
1	1	1
1	1	1	1
0 0 0 0 0 0 0 0 0 0 0 0 0 0 0 0 0

0
0	100	0
0	0	0
1	1	1
1	1	1	1
0 0 0 0 0 0 0 0 0 0 0 0 0 0 0 0 0

0
0	100	0
0	0	0
1	1	1
1	1	1	1
0 0 0 0 0 0 0 0 0 0 0 0 0 0 0 0 0

0
0	100	0
0	0	0
1	1	1
1	1	1	1
0 0 0 0 0 0 0 0 0 0 0 0 0 0 0 0 0

0
0	100	0
0	0	0
1	1	1
1	1	1	1
0 0 0 0 0 0 0 0 0 0 0 0 0 0 0 0 0

0
0	100	0
0	0	0
1	1	1
1	1	1	1
0 0 0 0 0 0 0 0 0 0 0 0 0 0 0 0 0

0
0	100	0
0	0	0
1	1	1
1	1	1	1
0 0 0 0 0 0 0 0 0 0 0 0 0 0 0 0 0

0
0	100	0
0	0	0
1	1	1
1	1	1	1
0 0 0 0 0 0 0 0 0 0 0 0 0 0 0 0 0

0
0	100	0
0	0	0
1	1	1
1	1	1	1
0 0 0 0 0 0 0 0 0 0 0 0 0 0 0 0 0

0
0	100	0
0	0	0
1	1	1
1	1	1	1
0 0 0 0 0 0 0 0 0 0 0 0 0 0 0 0 0

0
0	100	0
0	0	0
1	1	1
1	1	1	1
0 0 0 0 0 0 0 0 0 0 0 0 0 0 0 0 0

0
0	100	0
0	0	0
1	1	1
1	1	1	1
0 0 0 0 0 0 0 0 0 0 0 0 0 0 0 0 0

0
0	100	0
0	0	0
1	1	1
1	1	1	1
0 0 0 0 0 0 0 0 0 0 0 0 0 0 0 0 0

0
0	100	0
0	0	0
1	1	1
1	1	1	1
0 0 0 0 0 0 0 0 0 0 0 0 0 0 0 0 0

0
0	100	0
0	0	0
1	1	1
1	1	1	1
0 0 0 0 0 0 0 0 0 0 0 0 0 0 0 0 0

0
0	100	0
0	0	0
1	1	1
1	1	1	1
0 0 0 0 0 0 0 0 0 0 0 0 0 0 0 0 0

0
0	100	0
0	0	0
1	1	1
1	1	1	1
0 0 0 0 0 0 0 0 0 0 0 0 0 0 0 0 0

0
0	100	0
0	0	0
1	1	1
1	1	1	1
0 0 0 0 0 0 0 0 0 0 0 0 0 0 0 0 0

0
0	100	0
0	0	0
1	1	1
1	1	1	1
0 0 0 0 0 0 0 0 0 0 0 0 0 0 0 0 0

0
0	100	0
0	0	0
1	1	1
1	1	1	1
0 0 0 0 0 0 0 0 0 0 0 0 0 0 0 0 0

0
0	100	0
0	0	0
1	1	1
1	1	1	1
0 0 0 0 0 0 0 0 0 0 0 0 0 0 0 0 0

0
0	100	0
0	0	0
1	1	1
1	1	1	1
0 0 0 0 0 0 0 0 0 0 0 0 0 0 0 0 0

0
0	100	0
0	0	0
1	1	1
1	1	1	1
0 0 0 0 0 0 0 0 0 0 0 0 0 0 0 0 0

0
0	100	0
0	0	0
1	1	1
1	1	1	1
0 0 0 0 0 0 0 0 0 0 0 0 0 0 0 0 0

0
0	100	0
0	0	0
1	1	1
1	1	1	1
0 0 0 0 0 0 0 0 0 0 0 0 0 0 0 0 0

0
0	100	0
0	0	0
1	1	1
1	1	1	1
0 0 0 0 0 0 0 0 0 0 0 0 0 0 0 0 0

0
0	100	0
0	0	0
1	1	1
1	1	1	1
0 0 0 0 0 0 0 0 0 0 0 0 0 0 0 0 0

0
0	100	0
0	0	0
1	1	1
1	1	1	1
0 0 0 0 0 0 0 0 0 0 0 0 0 0 0 0 0

0
0	100	0
0	0	0
1	1	1
1	1	1	1
0 0 0 0 0 0 0 0 0 0 0 0 0 0 0 0 0

0
0	100	0
0	0	0
1	1	1
1	1	1	1
0 0 0 0 0 0 0 0 0 0 0 0 0 0 0 0 0

0
0	100	0
0	0	0
1	1	1
1	1	1	1
0 0 0 0 0 0 0 0 0 0 0 0 0 0 0 0 0

0
0	100	0
0	0	0
1	1	1
1	1	1	1
0 0 0 0 0 0 0 0 0 0 0 0 0 0 0 0 0

0
0	100	0
0	0	0
1	1	1
1	1	1	1
0 0 0 0 0 0 0 0 0 0 0 0 0 0 0 0 0

0
0	100	0
0	0	0
1	1	1
1	1	1	1
0 0 0 0 0 0 0 0 0 0 0 0 0 0 0 0 0

0
0	100	0
0	0	0
1	1	1
1	1	1	1
0 0 0 0 0 0 0 0 0 0 0 0 0 0 0 0 0

0
0	100	0
0	0	0
1	1	1
1	1	1	1
0 0 0 0 0 0 0 0 0 0 0 0 0 0 0 0 0

0
0	100	0
0	0	0
1	1	1
1	1	1	1
0 0 0 0 0 0 0 0 0 0 0 0 0 0 0 0 0

0
0	100	0
0	0	0
1	1	1
1	1	1	1
0 0 0 0 0 0 0 0 0 0 0 0 0 0 0 0 0

0
0	100	0
0	0	0
1	1	1
1	1	1	1
0 0 0 0 0 0 0 0 0 0 0 0 0 0 0 0 0

0
0	100	0
0	0	0
1	1	1
1	1	1	1
0 0 0 0 0 0 0 0 0 0 0 0 0 0 0 0 0

0
0	100	0
0	0	0
1	1	1
1	1	1	1
0 0 0 0 0 0 0 0 0 0 0 0 0 0 0 0 0

0
0	100	0
0	0	0
1	1	1
1	1	1	1
0 0 0 0 0 0 0 0 0 0 0 0 0 0 0 0 0

0
0	100	0
0	0	0
1	1	1
1	1	1	1
0 0 0 0 0 0 0 0 0 0 0 0 0 0 0 0 0

0
0	100	0
0	0	0
1	1	1
1	1	1	1
0 0 0 0 0 0 0 0 0 0 0 0 0 0 0 0 0

0
0	100	0
0	0	0
1	1	1
1	1	1	1
0 0 0 0 0 0 0 0 0 0 0 0 0 0 0 0 0

0
0	100	0
0	0	0
1	1	1
1	1	1	1
0 0 0 0 0 0 0 0 0 0 0 0 0 0 0 0 0

0
0	100	0
0	0	0
1	1	1
1	1	1	1
0 0 0 0 0 0 0 0 0 0 0 0 0 0 0 0 0

0
0	100	0
0	0	0
1	1	1
1	1	1	1
0 0 0 0 0 0 0 0 0 0 0 0 0 0 0 0 0

0
0	100	0
0	0	0
1	1	1
1	1	1	1
0 0 0 0 0 0 0 0 0 0 0 0 0 0 0 0 0

0
0	100	0
0	0	0
1	1	1
1	1	1	1
0 0 0 0 0 0 0 0 0 0 0 0 0 0 0 0 0

0
0	100	0
0	0	0
1	1	1
1	1	1	1
0 0 0 0 0 0 0 0 0 0 0 0 0 0 0 0 0

0
0	100	0
0	0	0
1	1	1
1	1	1	1
0 0 0 0 0 0 0 0 0 0 0 0 0 0 0 0 0

0
0	100	0
0	0	0
1	1	1
1	1	1	1
0 0 0 0 0 0 0 0 0 0 0 0 0 0 0 0 0

0
0	100	0
0	0	0
1	1	1
1	1	1	1
0 0 0 0 0 0 0 0 0 0 0 0 0 0 0 0 0

0
0	100	0
0	0	0
1	1	1
1	1	1	1
0 0 0 0 0 0 0 0 0 0 0 0 0 0 0 0 0

0
0	100	0
0	0	0
1	1	1
1	1	1	1
0 0 0 0 0 0 0 0 0 0 0 0 0 0 0 0 0

0
0	100	0
0	0	0
1	1	1
1	1	1	1
0 0 0 0 0 0 0 0 0 0 0 0 0 0 0 0 0

0
0	100	0
0	0	0
1	1	1
1	1	1	1
0 0 0 0 0 0 0 0 0 0 0 0 0 0 0 0 0

0
0	100	0
0	0	0
1	1	1
1	1	1	1
0 0 0 0 0 0 0 0 0 0 0 0 0 0 0 0 0

0
0	100	0
0	0	0
1	1	1
1	1	1	1
0 0 0 0 0 0 0 0 0 0 0 0 0 0 0 0 0

0
0	100	0
0	0	0
1	1	1
1	1	1	1
0 0 0 0 0 0 0 0 0 0 0 0 0 0 0 0 0

0
0	100	0
0	0	0
1	1	1
1	1	1	1
0 0 0 0 0 0 0 0 0 0 0 0 0 0 0 0 0

0
0	100	0
0	0	0
1	1	1
1	1	1	1
0 0 0 0 0 0 0 0 0 0 0 0 0 0 0 0 0

0
0	100	0
0	0	0
1	1	1
1	1	1	1
0 0 0 0 0 0 0 0 0 0 0 0 0 0 0 0 0

0
0	100	0
0	0	0
1	1	1
1	1	1	1
0 0 0 0 0 0 0 0 0 0 0 0 0 0 0 0 0

0
0	100	0
0	0	0
1	1	1
1	1	1	1
0 0 0 0 0 0 0 0 0 0 0 0 0 0 0 0 0

0
0	100	0
0	0	0
1	1	1
1	1	1	1
0 0 0 0 0 0 0 0 0 0 0 0 0 0 0 0 0

0
0	100	0
0	0	0
1	1	1
1	1	1	1
0 0 0 0 0 0 0 0 0 0 0 0 0 0 0 0 0

0
0	100	0
0	0	0
1	1	1
1	1	1	1
0 0 0 0 0 0 0 0 0 0 0 0 0 0 0 0 0

0
0	100	0
0	0	0
1	1	1
1	1	1	1
0 0 0 0 0 0 0 0 0 0 0 0 0 0 0 0 0

0
0	100	0
0	0	0
1	1	1
1	1	1	1
0 0 0 0 0 0 0 0 0 0 0 0 0 0 0 0 0

0
0	100	0
0	0	0
1	1	1
1	1	1	1
0 0 0 0 0 0 0 0 0 0 0 0 0 0 0 0 0

0
0	100	0
0	0	0
1	1	1
1	1	1	1
0 0 0 0 0 0 0 0 0 0 0 0 0 0 0 0 0

0
0	100	0
0	0	0
1	1	1
1	1	1	1
0 0 0 0 0 0 0 0 0 0 0 0 0 0 0 0 0

0
0	100	0
0	0	0
1	1	1
1	1	1	1
0 0 0 0 0 0 0 0 0 0 0 0 0 0 0 0 0

0
0	100	0
0	0	0
1	1	1
1	1	1	1
0 0 0 0 0 0 0 0 0 0 0 0 0 0 0 0 0

0
0	100	0
0	0	0
1	1	1
1	1	1	1
0 0 0 0 0 0 0 0 0 0 0 0 0 0 0 0 0

0
0	100	0
0	0	0
1	1	1
1	1	1	1
0 0 0 0 0 0 0 0 0 0 0 0 0 0 0 0 0

0
0	100	0
0	0	0
1	1	1
1	1	1	1
0 0 0 0 0 0 0 0 0 0 0 0 0 0 0 0 0

0
0	100	0
0	0	0
1	1	1
1	1	1	1
0 0 0 0 0 0 0 0 0 0 0 0 0 0 0 0 0

0
0	100	0
0	0	0
1	1	1
1	1	1	1
0 0 0 0 0 0 0 0 0 0 0 0 0 0 0 0 0

0
0	100	0
0	0	0
1	1	1
1	1	1	1
0 0 0 0 0 0 0 0 0 0 0 0 0 0 0 0 0

0
0	100	0
0	0	0
1	1	1
1	1	1	1
0 0 0 0 0 0 0 0 0 0 0 0 0 0 0 0 0

0
0	100	0
0	0	0
1	1	1
1	1	1	1
0 0 0 0 0 0 0 0 0 0 0 0 0 0 0 0 0

0
0	100	0
0	0	0
1	1	1
1	1	1	1
0 0 0 0 0 0 0 0 0 0 0 0 0 0 0 0 0

0
0	100	0
0	0	0
1	1	1
1	1	1	1
0 0 0 0 0 0 0 0 0 0 0 0 0 0 0 0 0

0
0	100	0
0	0	0
1	1	1
1	1	1	1
0 0 0 0 0 0 0 0 0 0 0 0 0 0 0 0 0

0
0	100	0
0	0	0
1	1	1
1	1	1	1
0 0 0 0 0 0 0 0 0 0 0 0 0 0 0 0 0

0
0	100	0
0	0	0
1	1	1
1	1	1	1
0 0 0 0 0 0 0 0 0 0 0 0 0 0 0 0 0

0
0	100	0
0	0	0
1	1	1
1	1	1	1
0 0 0 0 0 0 0 0 0 0 0 0 0 0 0 0 0

0
0	100	0
0	0	0
1	1	1
1	1	1	1
0 0 0 0 0 0 0 0 0 0 0 0 0 0 0 0 0

0
0	100	0
0	0	0
1	1	1
1	1	1	1
0 0 0 0 0 0 0 0 0 0 0 0 0 0 0 0 0

0
0	100	0
0	0	0
1	1	1
1	1	1	1
0 0 0 0 0 0 0 0 0 0 0 0 0 0 0 0 0

0
0	100	0
0	0	0
1	1	1
1	1	1	1
0 0 0 0 0 0 0 0 0 0 0 0 0 0 0 0 0

0
0	100	0
0	0	0
1	1	1
1	1	1	1
0 0 0 0 0 0 0 0 0 0 0 0 0 0 0 0 0

0
0	100	0
0	0	0
1	1	1
1	1	1	1
0 0 0 0 0 0 0 0 0 0 0 0 0 0 0 0 0

0
0	100	0
0	0	0
1	1	1
1	1	1	1
0 0 0 0 0 0 0 0 0 0 0 0 0 0 0 0 0

0
0	100	0
0	0	0
1	1	1
1	1	1	1
0 0 0 0 0 0 0 0 0 0 0 0 0 0 0 0 0

0
0	100	0
0	0	0
1	1	1
1	1	1	1
0 0 0 0 0 0 0 0 0 0 0 0 0 0 0 0 0

0
0	100	0
0	0	0
1	1	1
1	1	1	1
0 0 0 0 0 0 0 0 0 0 0 0 0 0 0 0 0

0
0	100	0
0	0	0
1	1	1
1	1	1	1
0 0 0 0 0 0 0 0 0 0 0 0 0 0 0 0 0

0
0	100	0
0	0	0
1	1	1
1	1	1	1
0 0 0 0 0 0 0 0 0 0 0 0 0 0 0 0 0

0
0	100	0
0	0	0
1	1	1
1	1	1	1
0 0 0 0 0 0 0 0 0 0 0 0 0 0 0 0 0

0
0	100	0
0	0	0
1	1	1
1	1	1	1
0 0 0 0 0 0 0 0 0 0 0 0 0 0 0 0 0

0
0	100	0
0	0	0
1	1	1
1	1	1	1
0 0 0 0 0 0 0 0 0 0 0 0 0 0 0 0 0

0
0	100	0
0	0	0
1	1	1
1	1	1	1
0 0 0 0 0 0 0 0 0 0 0 0 0 0 0 0 0

0
0	100	0
0	0	0
1	1	1
1	1	1	1
0 0 0 0 0 0 0 0 0 0 0 0 0 0 0 0 0

0
0	100	0
0	0	0
1	1	1
1	1	1	1
0 0 0 0 0 0 0 0 0 0 0 0 0 0 0 0 0

0
0	100	0
0	0	0
1	1	1
1	1	1	1
0 0 0 0 0 0 0 0 0 0 0 0 0 0 0 0 0

0
0	100	0
0	0	0
1	1	1
1	1	1	1
0 0 0 0 0 0 0 0 0 0 0 0 0 0 0 0 0

0
0	100	0
0	0	0
1	1	1
1	1	1	1
0 0 0 0 0 0 0 0 0 0 0 0 0 0 0 0 0

0
0	100	0
0	0	0
1	1	1
1	1	1	1
0 0 0 0 0 0 0 0 0 0 0 0 0 0 0 0 0

0
0	100	0
0	0	0
1	1	1
1	1	1	1
0 0 0 0 0 0 0 0 0 0 0 0 0 0 0 0 0

0
0	100	0
0	0	0
1	1	1
1	1	1	1
0 0 0 0 0 0 0 0 0 0 0 0 0 0 0 0 0

0
0	100	0
0	0	0
1	1	1
1	1	1	1
0 0 0 0 0 0 0 0 0 0 0 0 0 0 0 0 0

0
0	100	0
0	0	0
1	1	1
1	1	1	1
0 0 0 0 0 0 0 0 0 0 0 0 0 0 0 0 0

0
0	100	0
0	0	0
1	1	1
1	1	1	1
0 0 0 0 0 0 0 0 0 0 0 0 0 0 0 0 0

0
0	100	0
0	0	0
1	1	1
1	1	1	1
0 0 0 0 0 0 0 0 0 0 0 0 0 0 0 0 0

0
0	100	0
0	0	0
1	1	1
1	1	1	1
0 0 0 0 0 0 0 0 0 0 0 0 0 0 0 0 0

0
0	100	0
0	0	0
1	1	1
1	1	1	1
0 0 0 0 0 0 0 0 0 0 0 0 0 0 0 0 0

0
0	100	0
0	0	0
1	1	1
1	1	1	1
0 0 0 0 0 0 0 0 0 0 0 0 0 0 0 0 0

0
0	100	0
0	0	0
1	1	1
1	1	1	1
0 0 0 0 0 0 0 0 0 0 0 0 0 0 0 0 0

0
0	100	0
0	0	0
1	1	1
1	1	1	1
0 0 0 0 0 0 0 0 0 0 0 0 0 0 0 0 0

0
0	100	0
0	0	0
1	1	1
1	1	1	1
0 0 0 0 0 0 0 0 0 0 0 0 0 0 0 0 0

0
0	100	0
0	0	0
1	1	1
1	1	1	1
0 0 0 0 0 0 0 0 0 0 0 0 0 0 0 0 0

0
0	100	0
0	0	0
1	1	1
1	1	1	1
0 0 0 0 0 0 0 0 0 0 0 0 0 0 0 0 0

0
0	100	0
0	0	0
1	1	1
1	1	1	1
0 0 0 0 0 0 0 0 0 0 0 0 0 0 0 0 0

0
0	100	0
0	0	0
1	1	1
1	1	1	1
0 0 0 0 0 0 0 0 0 0 0 0 0 0 0 0 0

0
0	100	0
0	0	0
1	1	1
1	1	1	1
0 0 0 0 0 0 0 0 0 0 0 0 0 0 0 0 0

0
0	100	0
0	0	0
1	1	1
1	1	1	1
0 0 0 0 0 0 0 0 0 0 0 0 0 0 0 0 0

0
0	100	0
0	0	0
1	1	1
1	1	1	1
0 0 0 0 0 0 0 0 0 0 0 0 0 0 0 0 0

0
0	100	0
0	0	0
1	1	1
1	1	1	1
0 0 0 0 0 0 0 0 0 0 0 0 0 0 0 0 0

0
0	100	0
0	0	0
1	1	1
1	1	1	1
0 0 0 0 0 0 0 0 0 0 0 0 0 0 0 0 0

0
0	100	0
0	0	0
1	1	1
1	1	1	1
0 0 0 0 0 0 0 0 0 0 0 0 0 0 0 0 0

0
0	100	0
0	0	0
1	1	1
1	1	1	1
0 0 0 0 0 0 0 0 0 0 0 0 0 0 0 0 0

0
0	100	0
0	0	0
1	1	1
1	1	1	1
0 0 0 0 0 0 0 0 0 0 0 0 0 0 0 0 0

0
0	100	0
0	0	0
1	1	1
1	1	1	1
0 0 0 0 0 0 0 0 0 0 0 0 0 0 0 0 0

0
0	100	0
0	0	0
1	1	1
1	1	1	1
0 0 0 0 0 0 0 0 0 0 0 0 0 0 0 0 0

0
0	100	0
0	0	0
1	1	1
1	1	1	1
0 0 0 0 0 0 0 0 0 0 0 0 0 0 0 0 0

0
0	100	0
0	0	0
1	1	1
1	1	1	1
0 0 0 0 0 0 0 0 0 0 0 0 0 0 0 0 0

0
0	100	0
0	0	0
1	1	1
1	1	1	1
0 0 0 0 0 0 0 0 0 0 0 0 0 0 0 0 0

0
0	100	0
0	0	0
1	1	1
1	1	1	1
0 0 0 0 0 0 0 0 0 0 0 0 0 0 0 0 0

0
0	100	0
0	0	0
1	1	1
1	1	1	1
0 0 0 0 0 0 0 0 0 0 0 0 0 0 0 0 0

0
0	100	0
0	0	0
1	1	1
1	1	1	1
0 0 0 0 0 0 0 0 0 0 0 0 0 0 0 0 0

0
0	100	0
0	0	0
1	1	1
1	1	1	1
0 0 0 0 0 0 0 0 0 0 0 0 0 0 0 0 0

0
0	100	0
0	0	0
1	1	1
1	1	1	1
0 0 0 0 0 0 0 0 0 0 0 0 0 0 0 0 0

0
0	100	0
0	0	0
1	1	1
1	1	1	1
0 0 0 0 0 0 0 0 0 0 0 0 0 0 0 0 0

0
0	100	0
0	0	0
1	1	1
1	1	1	1
0 0 0 0 0 0 0 0 0 0 0 0 0 0 0 0 0

0
0	100	0
0	0	0
1	1	1
1	1	1	1
0 0 0 0 0 0 0 0 0 0 0 0 0 0 0 0 0

0
0	100	0
0	0	0
1	1	1
1	1	1	1
0 0 0 0 0 0 0 0 0 0 0 0 0 0 0 0 0

0
0	100	0
0	0	0
1	1	1
1	1	1	1
0 0 0 0 0 0 0 0 0 0 0 0 0 0 0 0 0

0
0	100	0
0	0	0
1	1	1
1	1	1	1
0 0 0 0 0 0 0 0 0 0 0 0 0 0 0 0 0

0
0	100	0
0	0	0
1	1	1
1	1	1	1
0 0 0 0 0 0 0 0 0 0 0 0 0 0 0 0 0

0
0	100	0
0	0	0
1	1	1
1	1	1	1
0 0 0 0 0 0 0 0 0 0 0 0 0 0 0 0 0

0
0	100	0
0	0	0
1	1	1
1	1	1	1
0 0 0 0 0 0 0 0 0 0 0 0 0 0 0 0 0

0
0	100	0
0	0	0
1	1	1
1	1	1	1
0 0 0 0 0 0 0 0 0 0 0 0 0 0 0 0 0

0
0	100	0
0	0	0
1	1	1
1	1	1	1
0 0 0 0 0 0 0 0 0 0 0 0 0 0 0 0 0

0
0	100	0
0	0	0
1	1	1
1	1	1	1
0 0 0 0 0 0 0 0 0 0 0 0 0 0 0 0 0

0
0	100	0
0	0	0
1	1	1
1	1	1	1
0 0 0 0 0 0 0 0 0 0 0 0 0 0 0 0 0

0
0	100	0
0	0	0
1	1	1
1	1	1	1
0 0 0 0 0 0 0 0 0 0 0 0 0 0 0 0 0

0
0	100	0
0	0	0
1	1	1
1	1	1	1
0 0 0 0 0 0 0 0 0 0 0 0 0 0 0 0 0

0
0	100	0
0	0	0
1	1	1
1	1	1	1
0 0 0 0 0 0 0 0 0 0 0 0 0 0 0 0 0

0
0	100	0
0	0	0
1	1	1
1	1	1	1
0 0 0 0 0 0 0 0 0 0 0 0 0 0 0 0 0

0
0	100	0
0	0	0
1	1	1
1	1	1	1
0 0 0 0 0 0 0 0 0 0 0 0 0 0 0 0 0

