1024
1
300	368	7350
0	0	0
1.43	1.43	1.43
1	1	1	1
1.43 0 0 0 0 1.43 0 0 0 0 1.43 0 300 368 7350 1 9

1
1050	-30.9999	6000
0	-1.5708	0
1.43	1.43	1.43
1	1	1	1
-5.28455e-06 0 1.43 0 0 1.43 0 0 -1.43 0 -5.28455e-06 0 1050 -30.9999 6000 1 9

1
700	-30.9999	7350
0	0	0
1.43	1.43	1.43
1	1	1	1
1.43 0 0 0 0 1.43 0 0 0 0 1.43 0 700 -30.9999 7350 1 9

1
1100	-30.9999	7350
0	0	0
1.43	1.43	1.43
1	1	1	1
1.43 0 0 0 0 1.43 0 0 0 0 1.43 0 1100 -30.9999 7350 1 9

1
1500	-30.9999	7350
0	0	0
1.43	1.43	1.43
1	1	1	1
1.43 0 0 0 0 1.43 0 0 0 0 1.43 0 1500 -30.9999 7350 1 9

1
1900	-30.9999	7350
0	0	0
1.43	1.43	1.43
1	1	1	1
1.43 0 0 0 0 1.43 0 0 0 0 1.43 0 1900 -30.9999 7350 1 9

1
2300	-30.9999	7350
0	0	0
1.43	1.43	1.43
1	1	1	1
1.43 0 0 0 0 1.43 0 0 0 0 1.43 0 2300 -30.9999 7350 1 9

1
2300	368	7350
0	0	0
1.43	1.43	1.43
1	1	1	1
1.43 0 0 0 0 1.43 0 0 0 0 1.43 0 2300 368 7350 1 9

1
1900	368	7350
0	0	0
1.43	1.43	1.43
1	1	1	1
1.43 0 0 0 0 1.43 0 0 0 0 1.43 0 1900 368 7350 1 9

1
1500	368	7350
0	0	0
1.43	1.43	1.43
1	1	1	1
1.43 0 0 0 0 1.43 0 0 0 0 1.43 0 1500 368 7350 1 9

1
1100	368	7350
0	0	0
1.43	1.43	1.43
1	1	1	1
1.43 0 0 0 0 1.43 0 0 0 0 1.43 0 1100 368 7350 1 9

1
700	368	7350
0	0	0
1.43	1.43	1.43
1	1	1	1
1.43 0 0 0 0 1.43 0 0 0 0 1.43 0 700 368 7350 1 9

1
300	-30.9999	7350
0	0	0
1.43	1.43	1.43
1	1	1	1
1.43 0 0 0 0 1.43 0 0 0 0 1.43 0 300 -30.9999 7350 1 9

1
300	-30.9999	7150
0	0	0
1.43	1.43	1.43
1	1	1	1
1.43 0 0 0 0 1.43 0 0 0 0 1.43 0 300 -30.9999 7150 1 9

1
350	-30.9999	6900
0	1.5708	0
1.43	1.43	1.43
1	1	1	1
-5.28455e-06 0 -1.43 0 0 1.43 0 0 1.43 0 -5.28455e-06 0 350 -30.9999 6900 1 9

1
50	-30.9999	6900
0	1.5708	0
1.43	1.43	1.43
1	1	1	1
-5.28455e-06 0 -1.43 0 0 1.43 0 0 1.43 0 -5.28455e-06 0 50 -30.9999 6900 1 9

1
50	-30.9999	6500
0	1.5708	0
1.43	1.43	1.43
1	1	1	1
-5.28455e-06 0 -1.43 0 0 1.43 0 0 1.43 0 -5.28455e-06 0 50 -30.9999 6500 1 9

1
300	-30.9999	6450
0	-3.14159	0
1.43	1.43	1.43
1	1	1	1
-1.43 0 3.62531e-06 0 0 1.43 0 0 -3.62531e-06 0 -1.43 0 300 -30.9999 6450 1 9

1
300	-30.9999	6350
0	-3.14159	0
1.43	1.43	1.43
1	1	1	1
-1.43 0 3.62531e-06 0 0 1.43 0 0 -3.62531e-06 0 -1.43 0 300 -30.9999 6350 1 9

1
300	-30.9999	6250
0	-3.14159	0
1.43	1.43	1.43
1	1	1	1
-1.43 0 3.62531e-06 0 0 1.43 0 0 -3.62531e-06 0 -1.43 0 300 -30.9999 6250 1 9

1
1650	-30.9999	4800
0	1.5708	0
1.43	1.43	1.43
1	1	1	1
-5.28455e-06 0 -1.43 0 0 1.43 0 0 1.43 0 -5.28455e-06 0 1650 -30.9999 4800 1 9

1
900	-30.9999	6350
0	-3.14159	0
1.43	1.43	1.43
1	1	1	1
-1.43 0 3.62531e-06 0 0 1.43 0 0 -3.62531e-06 0 -1.43 0 900 -30.9999 6350 1 9

1
900	-30.9999	6250
0	-3.14159	0
1.43	1.43	1.43
1	1	1	1
-1.43 0 3.62531e-06 0 0 1.43 0 0 -3.62531e-06 0 -1.43 0 900 -30.9999 6250 1 9

1
600	-30.9999	6750
0	-3.14159	0
1.43	1.43	1.43
1	1	1	1
-1.43 0 3.62531e-06 0 0 1.43 0 0 -3.62531e-06 0 -1.43 0 600 -30.9999 6750 1 9

1
1000	-30.9999	6750
0	-3.14159	0
1.43	1.43	1.43
1	1	1	1
-1.43 0 3.62531e-06 0 0 1.43 0 0 -3.62531e-06 0 -1.43 0 1000 -30.9999 6750 1 9

1
1400	-30.9999	6750
0	-3.14159	0
1.43	1.43	1.43
1	1	1	1
-1.43 0 3.62531e-06 0 0 1.43 0 0 -3.62531e-06 0 -1.43 0 1400 -30.9999 6750 1 9

1
1150	-30.9999	6300
0	-1.5708	0
1.43	1.43	1.43
1	1	1	1
-5.28455e-06 0 1.43 0 0 1.43 0 0 -1.43 0 -5.28455e-06 0 1150 -30.9999 6300 1 9

1
1250	-30.9999	6300
0	-1.5708	0
1.43	1.43	1.43
1	1	1	1
-5.28455e-06 0 1.43 0 0 1.43 0 0 -1.43 0 -5.28455e-06 0 1250 -30.9999 6300 1 9

1
1250	-30.9999	5900
0	-1.5708	0
1.43	1.43	1.43
1	1	1	1
-5.28455e-06 0 1.43 0 0 1.43 0 0 -1.43 0 -5.28455e-06 0 1250 -30.9999 5900 1 9

1
1050	0	5350
0	1.5708	0
9.99	9.99	9.99
1	1	1	1
-3.69179e-05 0 -9.99 0 0 9.99 0 0 9.99 0 -3.69179e-05 0 1050 0 5350 1 6

1
650	-30.9999	5500
0	1.5708	0
1.43	1.43	1.43
1	1	1	1
-5.28455e-06 0 -1.43 0 0 1.43 0 0 1.43 0 -5.28455e-06 0 650 -30.9999 5500 1 9

1
1250	0	5250
0	-1.5708	0
9.99	9.99	9.99
1	1	1	1
-3.69179e-05 0 9.99 0 0 9.99 0 0 -9.99 0 -3.69179e-05 0 1250 0 5250 1 6

1
50	-252	3700
0	-1.5708	0
10	10	10
1	1	1	1
-3.69549e-05 0 10 0 0 10 0 0 -10 0 -3.69549e-05 0 50 -252 3700 1 10

1
1050	0	5250
0	1.5708	0
9.99	9.99	9.99
1	1	1	1
-3.69179e-05 0 -9.99 0 0 9.99 0 0 9.99 0 -3.69179e-05 0 1050 0 5250 1 6

1
1050	0	5150
0	1.5708	0
9.99	9.99	9.99
1	1	1	1
-3.69179e-05 0 -9.99 0 0 9.99 0 0 9.99 0 -3.69179e-05 0 1050 0 5150 1 6

1
6550	0	2350
0	0	0
9.99	9.99	9.99
1	1	1	1
9.99 0 0 0 0 9.99 0 0 0 0 9.99 0 6550 0 2350 1 6

1
1250	0	5150
0	0	0
9.99	9.99	9.99
1	1	1	1
9.99 0 0 0 0 9.99 0 0 0 0 9.99 0 1250 0 5150 1 6

1
1050	-30.9999	5600
0	-1.5708	0
1.43	1.43	1.43
1	1	1	1
-5.28455e-06 0 1.43 0 0 1.43 0 0 -1.43 0 -5.28455e-06 0 1050 -30.9999 5600 1 9

1
500	-30.9999	5950
0	0	0
1.43	1.43	1.43
1	1	1	1
1.43 0 0 0 0 1.43 0 0 0 0 1.43 0 500 -30.9999 5950 1 9

1
500	-30.9999	5850
0	0	0
1.43	1.43	1.43
1	1	1	1
1.43 0 0 0 0 1.43 0 0 0 0 1.43 0 500 -30.9999 5850 1 9

1
500	-30.9999	5750
0	0	0
1.43	1.43	1.43
1	1	1	1
1.43 0 0 0 0 1.43 0 0 0 0 1.43 0 500 -30.9999 5750 1 9

1
750	-30.9999	5800
0	1.5708	0
1.43	1.43	1.43
1	1	1	1
-5.28455e-06 0 -1.43 0 0 1.43 0 0 1.43 0 -5.28455e-06 0 750 -30.9999 5800 1 9

1
750	-30.9999	5400
0	1.5708	0
1.43	1.43	1.43
1	1	1	1
-5.28455e-06 0 -1.43 0 0 1.43 0 0 1.43 0 -5.28455e-06 0 750 -30.9999 5400 1 9

1
1450	-30.9999	3400
0	-1.5708	0
1.43	1.43	1.43
1	1	1	1
-5.28455e-06 0 1.43 0 0 1.43 0 0 -1.43 0 -5.28455e-06 0 1450 -30.9999 3400 1 9

1
650	0	5250
0	1.5708	0
9.99	9.99	9.99
1	1	1	1
-3.69179e-05 0 -9.99 0 0 9.99 0 0 9.99 0 -3.69179e-05 0 650 0 5250 1 6

1
650	0	5150
0	1.5708	0
9.99	9.99	9.99
1	1	1	1
-3.69179e-05 0 -9.99 0 0 9.99 0 0 9.99 0 -3.69179e-05 0 650 0 5150 1 6

1
1750	0	5850
0	-1.5708	0
9.99	9.99	9.99
1	1	1	1
-3.69179e-05 0 9.99 0 0 9.99 0 0 -9.99 0 -3.69179e-05 0 1750 0 5850 1 6

1
350	-252	5300
0	1.5708	0
10	10	10
1	1	1	1
-3.69549e-05 0 -10 0 0 10 0 0 10 0 -3.69549e-05 0 350 -252 5300 1 10

1
250	-252	5300
0	1.5708	0
10	10	10
1	1	1	1
-3.69549e-05 0 -10 0 0 10 0 0 10 0 -3.69549e-05 0 250 -252 5300 1 10

1
150	-252	5300
0	1.5708	0
10	10	10
1	1	1	1
-3.69549e-05 0 -10 0 0 10 0 0 10 0 -3.69549e-05 0 150 -252 5300 1 10

1
50	-252	6000
0	1.5708	0
10	10	10
1	1	1	1
-3.69549e-05 0 -10 0 0 10 0 0 10 0 -3.69549e-05 0 50 -252 6000 1 10

1
50	-252	5600
0	1.5708	0
10	10	10
1	1	1	1
-3.69549e-05 0 -10 0 0 10 0 0 10 0 -3.69549e-05 0 50 -252 5600 1 10

1
50	-252	4900
0	1.5708	0
10	10	10
1	1	1	1
-3.69549e-05 0 -10 0 0 10 0 0 10 0 -3.69549e-05 0 50 -252 4900 1 10

1
50	-252	4500
0	1.5708	0
10	10	10
1	1	1	1
-3.69549e-05 0 -10 0 0 10 0 0 10 0 -3.69549e-05 0 50 -252 4500 1 10

1
4900	-252	650
0	0	0
10	10	10
1	1	1	1
10 0 0 0 0 10 0 0 0 0 10 0 4900 -252 650 1 10

1
900	48.5	4819
0	0	0
9.97499	9.97499	9.97499
1	1	1	1
9.97499 0 0 0 0 9.97499 0 0 0 0 9.97499 0 900 48.5 4819 1 5

1
400	0	4409
0	0	0
19.995	19.995	19.995
1	1	1	1
19.995 0 0 0 0 19.995 0 0 0 0 19.995 0 400 0 4409 1 1

1
600	0	4409
0	0	0
19.995	19.995	19.995
1	1	1	1
19.995 0 0 0 0 19.995 0 0 0 0 19.995 0 600 0 4409 1 1

1
800	0	4409
0	0	0
19.995	19.995	19.995
1	1	1	1
19.995 0 0 0 0 19.995 0 0 0 0 19.995 0 800 0 4409 1 1

1
1000	0	4409
0	0	0
19.995	19.995	19.995
1	1	1	1
19.995 0 0 0 0 19.995 0 0 0 0 19.995 0 1000 0 4409 1 1

1
1200	0	4409
0	0	0
19.995	19.995	19.995
1	1	1	1
19.995 0 0 0 0 19.995 0 0 0 0 19.995 0 1200 0 4409 1 1

1
1400	0	4409
0	0	0
19.995	19.995	19.995
1	1	1	1
19.995 0 0 0 0 19.995 0 0 0 0 19.995 0 1400 0 4409 1 1

1
400	0	4891
0	0	0
19.995	19.995	19.995
1	1	1	1
19.995 0 0 0 0 19.995 0 0 0 0 19.995 0 400 0 4891 1 1

1
600	0	4891
0	0	0
19.995	19.995	19.995
1	1	1	1
19.995 0 0 0 0 19.995 0 0 0 0 19.995 0 600 0 4891 1 1

1
800	0	4891
0	0	0
19.995	19.995	19.995
1	1	1	1
19.995 0 0 0 0 19.995 0 0 0 0 19.995 0 800 0 4891 1 1

1
7311.5	0	2800
0	1.5708	0
19.995	19.995	19.995
1	1	1	1
-7.38913e-05 0 -19.995 0 0 19.995 0 0 19.995 0 -7.38913e-05 0 7311.5 0 2800 1 1

1
1200	0	4891
0	0	0
19.995	19.995	19.995
1	1	1	1
19.995 0 0 0 0 19.995 0 0 0 0 19.995 0 1200 0 4891 1 1

1
4739	0	3100
0	1.5708	0
19.995	19.995	19.995
1	1	1	1
-7.38913e-05 0 -19.995 0 0 19.995 0 0 19.995 0 -7.38913e-05 0 4739 0 3100 1 1

1
350	48.5	4450
0	0	0
9.97499	9.97499	9.97499
1	1	1	1
9.97499 0 0 0 0 9.97499 0 0 0 0 9.97499 0 350 48.5 4450 1 3

1
350	48.5	4550
0	0	0
9.97499	9.97499	9.97499
1	1	1	1
9.97499 0 0 0 0 9.97499 0 0 0 0 9.97499 0 350 48.5 4550 1 3

1
350	48.5	4650
0	0	0
9.97499	9.97499	9.97499
1	1	1	1
9.97499 0 0 0 0 9.97499 0 0 0 0 9.97499 0 350 48.5 4650 1 3

1
350	48.5	4750
0	0	0
9.97499	9.97499	9.97499
1	1	1	1
9.97499 0 0 0 0 9.97499 0 0 0 0 9.97499 0 350 48.5 4750 1 3

1
350	48.5	4850
0	0	0
9.97499	9.97499	9.97499
1	1	1	1
9.97499 0 0 0 0 9.97499 0 0 0 0 9.97499 0 350 48.5 4850 1 3

1
1250	-30.9999	5500
0	-1.5708	0
1.43	1.43	1.43
1	1	1	1
-5.28455e-06 0 1.43 0 0 1.43 0 0 -1.43 0 -5.28455e-06 0 1250 -30.9999 5500 1 9

1
1650	-30.9999	5600
0	1.5708	0
1.43	1.43	1.43
1	1	1	1
-5.28455e-06 0 -1.43 0 0 1.43 0 0 1.43 0 -5.28455e-06 0 1650 -30.9999 5600 1 9

1
1550	-30.9999	5400
0	-1.5708	0
1.43	1.43	1.43
1	1	1	1
-5.28455e-06 0 1.43 0 0 1.43 0 0 -1.43 0 -5.28455e-06 0 1550 -30.9999 5400 1 9

1
1550	-30.9999	5000
0	-1.5708	0
1.43	1.43	1.43
1	1	1	1
-5.28455e-06 0 1.43 0 0 1.43 0 0 -1.43 0 -5.28455e-06 0 1550 -30.9999 5000 1 9

1
1550	-30.9999	4600
0	-1.5708	0
1.43	1.43	1.43
1	1	1	1
-5.28455e-06 0 1.43 0 0 1.43 0 0 -1.43 0 -5.28455e-06 0 1550 -30.9999 4600 1 9

1
1450	-30.9999	4200
0	-1.5708	0
1.43	1.43	1.43
1	1	1	1
-5.28455e-06 0 1.43 0 0 1.43 0 0 -1.43 0 -5.28455e-06 0 1450 -30.9999 4200 1 9

1
1450	-30.9999	1400
0	-1.5708	0
1.43	1.43	1.43
1	1	1	1
-5.28455e-06 0 1.43 0 0 1.43 0 0 -1.43 0 -5.28455e-06 0 1450 -30.9999 1400 1 9

1
1450	60	1800
0	1.5708	0
13.36	13.36	13.36
1	1	1	1
-4.93717e-05 0 -13.36 0 0 13.36 0 0 13.36 0 -4.93717e-05 0 1450 60 1800 1 14

1
7300	60	3750
0	-3.14159	0
13.36	13.36	13.36
1	1	1	1
-13.36 0 3.387e-05 0 0 13.36 0 0 -3.387e-05 0 -13.36 0 7300 60 3750 1 14

1
1450	60	2600
0	1.5708	0
13.36	13.36	13.36
1	1	1	1
-4.93717e-05 0 -13.36 0 0 13.36 0 0 13.36 0 -4.93717e-05 0 1450 60 2600 1 14

1
5050	60	1100
0	-1.5708	0
13.36	13.36	13.36
1	1	1	1
-4.93717e-05 0 13.36 0 0 13.36 0 0 -13.36 0 -4.93717e-05 0 5050 60 1100 1 14

1
1900	-30.9999	150
0	0	0
1.43	1.43	1.43
1	1	1	1
1.43 0 0 0 0 1.43 0 0 0 0 1.43 0 1900 -30.9999 150 1 9

1
500	0	1630
0	0.857829	0
9.52	9.52	9.52
1	1	1	1
6.22685 0 -7.20116 0 0 9.52 0 0 7.20116 0 6.22685 0 500 0 1630 1 13

1
1350	0	1650
0	0	0
9.52	9.52	9.52
1	1	1	1
9.52 0 0 0 0 9.52 0 0 0 0 9.52 0 1350 0 1650 1 13

1
1200	0	1650
0	0.869174	0
9.52	9.52	9.52
1	1	1	1
6.14476 0 -7.27134 0 0 9.52 0 0 7.27134 0 6.14476 0 1200 0 1650 1 13

1
1050	0	1650
0	2.17206	0
9.52	9.52	9.52
1	1	1	1
-5.38532 0 -7.8504 0 0 9.52 0 0 7.8504 0 -5.38532 0 1050 0 1650 1 13

1
850	0	1650
0	-0.361284	0
9.52	9.52	9.52
1	1	1	1
8.90543 0 3.36509 0 0 9.52 0 0 -3.36509 0 8.90543 0 850 0 1650 1 13

1
650	0	1650
0	1.5708	0
9.52	9.52	9.52
1	1	1	1
-3.5181e-05 0 -9.52 0 0 9.52 0 0 9.52 0 -3.5181e-05 0 650 0 1650 1 13

1
750	0	1580
0	0.857829	0
9.52	9.52	9.52
1	1	1	1
6.22685 0 -7.20116 0 0 9.52 0 0 7.20116 0 6.22685 0 750 0 1580 1 13

1
9910.5	0	2090.5
0	-3.14159	0
19.75	19.75	19.75
1	1	1	1
-19.75 0 -1.7266e-06 0 0 19.75 0 0 1.7266e-06 0 -19.75 0 9910.5 0 2090.5 1 1

1
411	0	1500
0	1.5708	0
19.6	19.6	19.6
1	1	1	1
-7.24316e-05 0 -19.6 0 0 19.6 0 0 19.6 0 -7.24316e-05 0 411 0 1500 1 1

1
517.5	0	1409.5
0	-3.14159	0
19.6	19.6	19.6
1	1	1	1
-19.6 0 4.96896e-05 0 0 19.6 0 0 -4.96896e-05 0 -19.6 0 517.5 0 1409.5 1 1

1
50	-252	4100
0	1.5708	0
10	10	10
1	1	1	1
-3.69549e-05 0 -10 0 0 10 0 0 10 0 -3.69549e-05 0 50 -252 4100 1 10

1
850	-252	1200
0	1.5708	0
10	10	10
1	1	1	1
-3.69549e-05 0 -10 0 0 10 0 0 10 0 -3.69549e-05 0 850 -252 1200 1 10

1
850	-252	800
0	1.5708	0
10	10	10
1	1	1	1
-3.69549e-05 0 -10 0 0 10 0 0 10 0 -3.69549e-05 0 850 -252 800 1 10

1
850	-252	400
0	1.5708	0
10	10	10
1	1	1	1
-3.69549e-05 0 -10 0 0 10 0 0 10 0 -3.69549e-05 0 850 -252 400 1 10

1
300	-252	1050
0	-3.14159	0
10	10	10
1	1	1	1
-10 0 2.53518e-05 0 0 10 0 0 -2.53518e-05 0 -10 0 300 -252 1050 1 10

1
200	-252	3450
0	0	0
10	10	10
1	1	1	1
10 0 0 0 0 10 0 0 0 0 10 0 200 -252 3450 1 10

1
300	-252	850
0	-3.14159	0
10	10	10
1	1	1	1
-10 0 2.53518e-05 0 0 10 0 0 -2.53518e-05 0 -10 0 300 -252 850 1 10

1
600	400	-400
0	0	0
10.015	10.015	10.015
1	1	1	1
10.015 0 0 0 0 10.015 0 0 0 0 10.015 0 600 400 -400 1 0

1
-200	0	400
0	-3.14159	0
10.015	10.015	10.015
1	1	1	1
-10.015 0 2.53898e-05 0 0 10.015 0 0 -2.53898e-05 0 -10.015 0 -200 0 400 1 0

1
200	0	-400
0	0	0
10.015	10.015	10.015
1	1	1	1
10.015 0 0 0 0 10.015 0 0 0 0 10.015 0 200 0 -400 1 0

1
600	0	-400
0	0	0
10.015	10.015	10.015
1	1	1	1
10.015 0 0 0 0 10.015 0 0 0 0 10.015 0 600 0 -400 1 0

1
200	400	-400
0	0	0
10.015	10.015	10.015
1	1	1	1
10.015 0 0 0 0 10.015 0 0 0 0 10.015 0 200 400 -400 1 0

1
600	800	-400
0	0	0
10.015	10.015	10.015
1	1	1	1
10.015 0 0 0 0 10.015 0 0 0 0 10.015 0 600 800 -400 1 0

1
300	-252	950
0	-3.14159	0
10	10	10
1	1	1	1
-10 0 2.53518e-05 0 0 10 0 0 -2.53518e-05 0 -10 0 300 -252 950 1 10

1
850	0	150
0	1.5708	0
10.12	10.12	10.12
1	1	1	1
-3.73983e-05 0 -10.12 0 0 10.12 0 0 10.12 0 -3.73983e-05 0 850 0 150 1 6

1
850	0	50
0	1.5708	0
10.12	10.12	10.12
1	1	1	1
-3.73983e-05 0 -10.12 0 0 10.12 0 0 10.12 0 -3.73983e-05 0 850 0 50 1 6

1
50	-252	1400
0	-1.5708	0
10	10	10
1	1	1	1
-3.69549e-05 0 10 0 0 10 0 0 -10 0 -3.69549e-05 0 50 -252 1400 1 10

1
50	-252	1800
0	-1.5708	0
10	10	10
1	1	1	1
-3.69549e-05 0 10 0 0 10 0 0 -10 0 -3.69549e-05 0 50 -252 1800 1 10

1
200	-252	2050
0	0	0
10	10	10
1	1	1	1
10 0 0 0 0 10 0 0 0 0 10 0 200 -252 2050 1 10

1
350	-252	2300
0	1.5708	0
10	10	10
1	1	1	1
-3.69549e-05 0 -10 0 0 10 0 0 10 0 -3.69549e-05 0 350 -252 2300 1 10

1
1700	-252	4150
0	0	0
10	10	10
1	1	1	1
10 0 0 0 0 10 0 0 0 0 10 0 1700 -252 4150 1 10

1
3000	-252	950
0	-3.14159	0
10	10	10
1	1	1	1
-10 0 2.53518e-05 0 0 10 0 0 -2.53518e-05 0 -10 0 3000 -252 950 1 10

1
750	-252	3100
0	-1.5708	0
10	10	10
1	1	1	1
-3.69549e-05 0 10 0 0 10 0 0 -10 0 -3.69549e-05 0 750 -252 3100 1 10

1
600	-252	3350
0	0	0
10	10	10
1	1	1	1
10 0 0 0 0 10 0 0 0 0 10 0 600 -252 3350 1 10

1
600	-252	3450
0	0	0
10	10	10
1	1	1	1
10 0 0 0 0 10 0 0 0 0 10 0 600 -252 3450 1 10

1
1450	-30.9999	3800
0	-1.5708	0
1.43	1.43	1.43
1	1	1	1
-5.28455e-06 0 1.43 0 0 1.43 0 0 -1.43 0 -5.28455e-06 0 1450 -30.9999 3800 1 9

1
5850	-30.9999	200
0	1.5708	0
1.43	1.43	1.43
1	1	1	1
-5.28455e-06 0 -1.43 0 0 1.43 0 0 1.43 0 -5.28455e-06 0 5850 -30.9999 200 1 9

1
1450	-30.9999	600
0	-1.5708	0
1.43	1.43	1.43
1	1	1	1
-5.28455e-06 0 1.43 0 0 1.43 0 0 -1.43 0 -5.28455e-06 0 1450 -30.9999 600 1 9

1
1100	-30.9999	150
0	0	0
1.43	1.43	1.43
1	1	1	1
1.43 0 0 0 0 1.43 0 0 0 0 1.43 0 1100 -30.9999 150 1 9

1
1500	-30.9999	150
0	0	0
1.43	1.43	1.43
1	1	1	1
1.43 0 0 0 0 1.43 0 0 0 0 1.43 0 1500 -30.9999 150 1 9

1
1550	-30.9999	5800
0	-1.5708	0
1.43	1.43	1.43
1	1	1	1
-5.28455e-06 0 1.43 0 0 1.43 0 0 -1.43 0 -5.28455e-06 0 1550 -30.9999 5800 1 9

1
1550	-30.9999	6500
0	-1.5708	0
1.43	1.43	1.43
1	1	1	1
-5.28455e-06 0 1.43 0 0 1.43 0 0 -1.43 0 -5.28455e-06 0 1550 -30.9999 6500 1 9

1
1700	-30.9999	6250
0	0	0
1.43	1.43	1.43
1	1	1	1
1.43 0 0 0 0 1.43 0 0 0 0 1.43 0 1700 -30.9999 6250 1 9

1
2100	-30.9999	6250
0	0	0
1.43	1.43	1.43
1	1	1	1
1.43 0 0 0 0 1.43 0 0 0 0 1.43 0 2100 -30.9999 6250 1 9

1
750	0	5150
0	0	0
9.99	9.99	9.99
1	1	1	1
9.99 0 0 0 0 9.99 0 0 0 0 9.99 0 750 0 5150 1 6

1
1650	0	5950
0	-3.14159	0
9.99	9.99	9.99
1	1	1	1
-9.99 0 2.53265e-05 0 0 9.99 0 0 -2.53265e-05 0 -9.99 0 1650 0 5950 1 6

1
1750	0	5950
0	-3.14159	0
9.99	9.99	9.99
1	1	1	1
-9.99 0 2.53265e-05 0 0 9.99 0 0 -2.53265e-05 0 -9.99 0 1750 0 5950 1 6

1
3500	-30.9999	5350
0	0	0
1.43	1.43	1.43
1	1	1	1
1.43 0 0 0 0 1.43 0 0 0 0 1.43 0 3500 -30.9999 5350 1 9

1
7550	-30.9999	2900
0	1.5708	0
1.43	1.43	1.43
1	1	1	1
-5.28455e-06 0 -1.43 0 0 1.43 0 0 1.43 0 -5.28455e-06 0 7550 -30.9999 2900 1 9

1
350	-252	2700
0	1.5708	0
10	10	10
1	1	1	1
-3.69549e-05 0 -10 0 0 10 0 0 10 0 -3.69549e-05 0 350 -252 2700 1 10

1
1800	-252	4550
0	-3.14159	0
10	10	10
1	1	1	1
-10 0 2.53518e-05 0 0 10 0 0 -2.53518e-05 0 -10 0 1800 -252 4550 1 10

1
3450	-252	1100
0	-1.5708	0
10	10	10
1	1	1	1
-3.69549e-05 0 10 0 0 10 0 0 -10 0 -3.69549e-05 0 3450 -252 1100 1 10

1
2350	-252	4300
0	-1.5708	0
10	10	10
1	1	1	1
-3.69549e-05 0 10 0 0 10 0 0 -10 0 -3.69549e-05 0 2350 -252 4300 1 10

1
2100	-252	4150
0	0	0
10	10	10
1	1	1	1
10 0 0 0 0 10 0 0 0 0 10 0 2100 -252 4150 1 10

1
4115	0	4720
0	-3.14159	0
61.42	61.42	61.42
1	1	1	1
-61.42 0 0.000155711 0 0 61.42 0 0 -0.000155711 0 -61.42 0 4115 0 4720 1 4

1
4769	0	-627
0	1.5708	0
62.74	62.74	62.74
1	1	1	1
-0.000231855 0 -62.74 0 0 62.74 0 0 62.74 0 -0.000231855 0 4769 0 -627 1 2

1
2200	-252	4550
0	-3.14159	0
10	10	10
1	1	1	1
-10 0 2.53518e-05 0 0 10 0 0 -2.53518e-05 0 -10 0 2200 -252 4550 1 10

1
2900	-252	4950
0	-3.14159	0
10	10	10
1	1	1	1
-10 0 2.53518e-05 0 0 10 0 0 -2.53518e-05 0 -10 0 2900 -252 4950 1 10

1
3150	-252	4800
0	-1.5708	0
10	10	10
1	1	1	1
-3.69549e-05 0 10 0 0 10 0 0 -10 0 -3.69549e-05 0 3150 -252 4800 1 10

1
2750	-252	4701
0	-1.5708	0
10	10	10
1	1	1	1
-3.69549e-05 0 10 0 0 10 0 0 -10 0 -3.69549e-05 0 2750 -252 4701 1 10

1
2750	-252	4300
0	-1.5708	0
10	10	10
1	1	1	1
-3.69549e-05 0 10 0 0 10 0 0 -10 0 -3.69549e-05 0 2750 -252 4300 1 10

1
2750	-252	3900
0	-1.5708	0
10	10	10
1	1	1	1
-3.69549e-05 0 10 0 0 10 0 0 -10 0 -3.69549e-05 0 2750 -252 3900 1 10

1
2750	-252	3500
0	-1.5708	0
10	10	10
1	1	1	1
-3.69549e-05 0 10 0 0 10 0 0 -10 0 -3.69549e-05 0 2750 -252 3500 1 10

1
2750	-252	3100
0	-1.5708	0
10	10	10
1	1	1	1
-3.69549e-05 0 10 0 0 10 0 0 -10 0 -3.69549e-05 0 2750 -252 3100 1 10

1
2750	-252	2700
0	-1.5708	0
10	10	10
1	1	1	1
-3.69549e-05 0 10 0 0 10 0 0 -10 0 -3.69549e-05 0 2750 -252 2700 1 10

1
2750	-252	2300
0	-1.5708	0
10	10	10
1	1	1	1
-3.69549e-05 0 10 0 0 10 0 0 -10 0 -3.69549e-05 0 2750 -252 2300 1 10

1
2500	-252	2250
0	0	0
10	10	10
1	1	1	1
10 0 0 0 0 10 0 0 0 0 10 0 2500 -252 2250 1 10

1
2100	-252	2250
0	0	0
10	10	10
1	1	1	1
10 0 0 0 0 10 0 0 0 0 10 0 2100 -252 2250 1 10

1
1850	-252	2100
0	1.5708	0
10	10	10
1	1	1	1
-3.69549e-05 0 -10 0 0 10 0 0 10 0 -3.69549e-05 0 1850 -252 2100 1 10

1
2000	-252	1850
0	-3.14159	0
10	10	10
1	1	1	1
-10 0 2.53518e-05 0 0 10 0 0 -2.53518e-05 0 -10 0 2000 -252 1850 1 10

1
2000	-252	1750
0	-3.14159	0
10	10	10
1	1	1	1
-10 0 2.53518e-05 0 0 10 0 0 -2.53518e-05 0 -10 0 2000 -252 1750 1 10

1
2400	-252	1750
0	-3.14159	0
10	10	10
1	1	1	1
-10 0 2.53518e-05 0 0 10 0 0 -2.53518e-05 0 -10 0 2400 -252 1750 1 10

1
2800	-252	1750
0	-3.14159	0
10	10	10
1	1	1	1
-10 0 2.53518e-05 0 0 10 0 0 -2.53518e-05 0 -10 0 2800 -252 1750 1 10

1
900	-30.9999	6450
0	-3.14159	0
1.43	1.43	1.43
1	1	1	1
-1.43 0 3.62531e-06 0 0 1.43 0 0 -3.62531e-06 0 -1.43 0 900 -30.9999 6450 1 9

1
2050	-30.9999	6000
0	-1.5708	0
1.43	1.43	1.43
1	1	1	1
-5.28455e-06 0 1.43 0 0 1.43 0 0 -1.43 0 -5.28455e-06 0 2050 -30.9999 6000 1 9

1
2150	-30.9999	5600
0	-1.5708	0
1.43	1.43	1.43
1	1	1	1
-5.28455e-06 0 1.43 0 0 1.43 0 0 -1.43 0 -5.28455e-06 0 2150 -30.9999 5600 1 9

1
2300	-30.9999	5350
0	0	0
1.43	1.43	1.43
1	1	1	1
1.43 0 0 0 0 1.43 0 0 0 0 1.43 0 2300 -30.9999 5350 1 9

1
2700	-30.9999	5350
0	0	0
1.43	1.43	1.43
1	1	1	1
1.43 0 0 0 0 1.43 0 0 0 0 1.43 0 2700 -30.9999 5350 1 9

1
3100	-30.9999	5350
0	0	0
1.43	1.43	1.43
1	1	1	1
1.43 0 0 0 0 1.43 0 0 0 0 1.43 0 3100 -30.9999 5350 1 9

1
600	-252	2850
0	-3.14159	0
10	10	10
1	1	1	1
-10 0 2.53518e-05 0 0 10 0 0 -2.53518e-05 0 -10 0 600 -252 2850 1 10

1
3150	-252	4400
0	-1.5708	0
10	10	10
1	1	1	1
-3.69549e-05 0 10 0 0 10 0 0 -10 0 -3.69549e-05 0 3150 -252 4400 1 10

1
3150	-252	4000
0	-1.5708	0
10	10	10
1	1	1	1
-3.69549e-05 0 10 0 0 10 0 0 -10 0 -3.69549e-05 0 3150 -252 4000 1 10

1
3150	-252	3600
0	-1.5708	0
10	10	10
1	1	1	1
-3.69549e-05 0 10 0 0 10 0 0 -10 0 -3.69549e-05 0 3150 -252 3600 1 10

1
3150	-252	3200
0	-1.5708	0
10	10	10
1	1	1	1
-3.69549e-05 0 10 0 0 10 0 0 -10 0 -3.69549e-05 0 3150 -252 3200 1 10

1
3700	-252	3150
0	0	0
10	10	10
1	1	1	1
10 0 0 0 0 10 0 0 0 0 10 0 3700 -252 3150 1 10

1
3300	-252	3150
0	0	0
10	10	10
1	1	1	1
10 0 0 0 0 10 0 0 0 0 10 0 3300 -252 3150 1 10

1
3700	-252	3050
0	0	0
10	10	10
1	1	1	1
10 0 0 0 0 10 0 0 0 0 10 0 3700 -252 3050 1 10

1
3700	-252	2950
0	0	0
10	10	10
1	1	1	1
10 0 0 0 0 10 0 0 0 0 10 0 3700 -252 2950 1 10

1
4850	-252	2800
0	1.5708	0
10	10	10
1	1	1	1
-3.69549e-05 0 -10 0 0 10 0 0 10 0 -3.69549e-05 0 4850 -252 2800 1 10

1
3000	-252	2850
0	0	0
10	10	10
1	1	1	1
10 0 0 0 0 10 0 0 0 0 10 0 3000 -252 2850 1 10

1
3000	-252	2750
0	0	0
10	10	10
1	1	1	1
10 0 0 0 0 10 0 0 0 0 10 0 3000 -252 2750 1 10

1
2850	-252	2500
0	1.5708	0
10	10	10
1	1	1	1
-3.69549e-05 0 -10 0 0 10 0 0 10 0 -3.69549e-05 0 2850 -252 2500 1 10

1
3000	-252	2350
0	-3.14159	0
10	10	10
1	1	1	1
-10 0 2.53518e-05 0 0 10 0 0 -2.53518e-05 0 -10 0 3000 -252 2350 1 10

1
3150	-252	2100
0	-1.5708	0
10	10	10
1	1	1	1
-3.69549e-05 0 10 0 0 10 0 0 -10 0 -3.69549e-05 0 3150 -252 2100 1 10

1
3400	-252	2150
0	0	0
10	10	10
1	1	1	1
10 0 0 0 0 10 0 0 0 0 10 0 3400 -252 2150 1 10

1
3800	-252	2150
0	0	0
10	10	10
1	1	1	1
10 0 0 0 0 10 0 0 0 0 10 0 3800 -252 2150 1 10

1
4050	-252	2000
0	1.5708	0
10	10	10
1	1	1	1
-3.69549e-05 0 -10 0 0 10 0 0 10 0 -3.69549e-05 0 4050 -252 2000 1 10

1
4150	-252	2000
0	1.5708	0
10	10	10
1	1	1	1
-3.69549e-05 0 -10 0 0 10 0 0 10 0 -3.69549e-05 0 4150 -252 2000 1 10

1
4250	-252	2000
0	1.5708	0
10	10	10
1	1	1	1
-3.69549e-05 0 -10 0 0 10 0 0 10 0 -3.69549e-05 0 4250 -252 2000 1 10

1
4250	-252	1600
0	1.5708	0
10	10	10
1	1	1	1
-3.69549e-05 0 -10 0 0 10 0 0 10 0 -3.69549e-05 0 4250 -252 1600 1 10

1
4250	-252	1200
0	1.5708	0
10	10	10
1	1	1	1
-3.69549e-05 0 -10 0 0 10 0 0 10 0 -3.69549e-05 0 4250 -252 1200 1 10

1
4100	-252	950
0	-3.14159	0
10	10	10
1	1	1	1
-10 0 2.53518e-05 0 0 10 0 0 -2.53518e-05 0 -10 0 4100 -252 950 1 10

1
4100	-252	850
0	-3.14159	0
10	10	10
1	1	1	1
-10 0 2.53518e-05 0 0 10 0 0 -2.53518e-05 0 -10 0 4100 -252 850 1 10

1
3700	-252	850
0	-3.14159	0
10	10	10
1	1	1	1
-10 0 2.53518e-05 0 0 10 0 0 -2.53518e-05 0 -10 0 3700 -252 850 1 10

1
3000	-252	850
0	-3.14159	0
10	10	10
1	1	1	1
-10 0 2.53518e-05 0 0 10 0 0 -2.53518e-05 0 -10 0 3000 -252 850 1 10

1
1150	0	5150
0	0	0
9.99	9.99	9.99
1	1	1	1
9.99 0 0 0 0 9.99 0 0 0 0 9.99 0 1150 0 5150 1 6

1
3250	0	850
0	0	0
9.99	9.99	9.99
1	1	1	1
9.99 0 0 0 0 9.99 0 0 0 0 9.99 0 3250 0 850 1 6

1
3350	0	850
0	0	0
9.99	9.99	9.99
1	1	1	1
9.99 0 0 0 0 9.99 0 0 0 0 9.99 0 3350 0 850 1 6

1
3450	0	850
0	0	0
9.99	9.99	9.99
1	1	1	1
9.99 0 0 0 0 9.99 0 0 0 0 9.99 0 3450 0 850 1 6

1
5050	0	750
0	-1.5708	0
9.99	9.99	9.99
1	1	1	1
-3.69179e-05 0 9.99 0 0 9.99 0 0 -9.99 0 -3.69179e-05 0 5050 0 750 1 6

1
3350	0	950
0	-3.14159	0
9.99	9.99	9.99
1	1	1	1
-9.99 0 2.53265e-05 0 0 9.99 0 0 -2.53265e-05 0 -9.99 0 3350 0 950 1 6

1
9300	-252	1550
0	0	0
10	10	10
1	1	1	1
10 0 0 0 0 10 0 0 0 0 10 0 9300 -252 1550 1 10

1
3450	-252	1500
0	-1.5708	0
10	10	10
1	1	1	1
-3.69549e-05 0 10 0 0 10 0 0 -10 0 -3.69549e-05 0 3450 -252 1500 1 10

1
1450	-30.9999	1000
0	-1.5708	0
1.43	1.43	1.43
1	1	1	1
-5.28455e-06 0 1.43 0 0 1.43 0 0 -1.43 0 -5.28455e-06 0 1450 -30.9999 1000 1 9

1
1700	-30.9999	950
0	0	0
1.43	1.43	1.43
1	1	1	1
1.43 0 0 0 0 1.43 0 0 0 0 1.43 0 1700 -30.9999 950 1 9

1
2100	-30.9999	950
0	0	0
1.43	1.43	1.43
1	1	1	1
1.43 0 0 0 0 1.43 0 0 0 0 1.43 0 2100 -30.9999 950 1 9

1
2350	-30.9999	800
0	1.5708	0
1.43	1.43	1.43
1	1	1	1
-5.28455e-06 0 -1.43 0 0 1.43 0 0 1.43 0 -5.28455e-06 0 2350 -30.9999 800 1 9

1
2450	-30.9999	800
0	1.5708	0
1.43	1.43	1.43
1	1	1	1
-5.28455e-06 0 -1.43 0 0 1.43 0 0 1.43 0 -5.28455e-06 0 2450 -30.9999 800 1 9

1
2450	-30.9999	400
0	1.5708	0
1.43	1.43	1.43
1	1	1	1
-5.28455e-06 0 -1.43 0 0 1.43 0 0 1.43 0 -5.28455e-06 0 2450 -30.9999 400 1 9

1
3000	-30.9999	450
0	-3.14159	0
1.43	1.43	1.43
1	1	1	1
-1.43 0 3.62531e-06 0 0 1.43 0 0 -3.62531e-06 0 -1.43 0 3000 -30.9999 450 1 9

1
2600	-30.9999	450
0	-3.14159	0
1.43	1.43	1.43
1	1	1	1
-1.43 0 3.62531e-06 0 0 1.43 0 0 -3.62531e-06 0 -1.43 0 2600 -30.9999 450 1 9

1
3150	-30.9999	200
0	-1.5708	0
1.43	1.43	1.43
1	1	1	1
-5.28455e-06 0 1.43 0 0 1.43 0 0 -1.43 0 -5.28455e-06 0 3150 -30.9999 200 1 9

1
3700	-30.9999	450
0	0	0
1.43	1.43	1.43
1	1	1	1
1.43 0 0 0 0 1.43 0 0 0 0 1.43 0 3700 -30.9999 450 1 9

1
3700	-30.9999	350
0	0	0
1.43	1.43	1.43
1	1	1	1
1.43 0 0 0 0 1.43 0 0 0 0 1.43 0 3700 -30.9999 350 1 9

1
4100	-30.9999	350
0	0	0
1.43	1.43	1.43
1	1	1	1
1.43 0 0 0 0 1.43 0 0 0 0 1.43 0 4100 -30.9999 350 1 9

1
4500	-30.9999	350
0	0	0
1.43	1.43	1.43
1	1	1	1
1.43 0 0 0 0 1.43 0 0 0 0 1.43 0 4500 -30.9999 350 1 9

1
4100	-30.9999	450
0	0	0
1.43	1.43	1.43
1	1	1	1
1.43 0 0 0 0 1.43 0 0 0 0 1.43 0 4100 -30.9999 450 1 9

1
4500	-30.9999	450
0	0	0
1.43	1.43	1.43
1	1	1	1
1.43 0 0 0 0 1.43 0 0 0 0 1.43 0 4500 -30.9999 450 1 9

1
4750	-30.9999	500
0	-1.5708	0
1.43	1.43	1.43
1	1	1	1
-5.28455e-06 0 1.43 0 0 1.43 0 0 -1.43 0 -5.28455e-06 0 4750 -30.9999 500 1 9

1
4800	-30.9999	2150
0	0	0
1.43	1.43	1.43
1	1	1	1
1.43 0 0 0 0 1.43 0 0 0 0 1.43 0 4800 -30.9999 2150 1 9

1
3200	-252	1750
0	-3.14159	0
10	10	10
1	1	1	1
-10 0 2.53518e-05 0 0 10 0 0 -2.53518e-05 0 -10 0 3200 -252 1750 1 10

1
4650	60	1900
0	1.5708	0
13.36	13.36	13.36
1	1	1	1
-4.93717e-05 0 -13.36 0 0 13.36 0 0 13.36 0 -4.93717e-05 0 4650 60 1900 1 14

1
4650	60	1500
0	1.5708	0
13.36	13.36	13.36
1	1	1	1
-4.93717e-05 0 -13.36 0 0 13.36 0 0 13.36 0 -4.93717e-05 0 4650 60 1500 1 14

1
4650	60	1100
0	1.5708	0
13.36	13.36	13.36
1	1	1	1
-4.93717e-05 0 -13.36 0 0 13.36 0 0 13.36 0 -4.93717e-05 0 4650 60 1100 1 14

1
4650	60	700
0	1.5708	0
13.36	13.36	13.36
1	1	1	1
-4.93717e-05 0 -13.36 0 0 13.36 0 0 13.36 0 -4.93717e-05 0 4650 60 700 1 14

1
5050	60	1900
0	-1.5708	0
13.36	13.36	13.36
1	1	1	1
-4.93717e-05 0 13.36 0 0 13.36 0 0 -13.36 0 -4.93717e-05 0 5050 60 1900 1 14

1
5050	60	1500
0	-1.5708	0
13.36	13.36	13.36
1	1	1	1
-4.93717e-05 0 13.36 0 0 13.36 0 0 -13.36 0 -4.93717e-05 0 5050 60 1500 1 14

1
50	-252	1000
0	-1.5708	0
10	10	10
1	1	1	1
-3.69549e-05 0 10 0 0 10 0 0 -10 0 -3.69549e-05 0 50 -252 1000 1 10

1
5300	-252	650
0	0	0
10	10	10
1	1	1	1
10 0 0 0 0 10 0 0 0 0 10 0 5300 -252 650 1 10

1
1450	60	2200
0	1.5708	0
13.36	13.36	13.36
1	1	1	1
-4.93717e-05 0 -13.36 0 0 13.36 0 0 13.36 0 -4.93717e-05 0 1450 60 2200 1 14

1
5050	0	850
0	-1.5708	0
9.99	9.99	9.99
1	1	1	1
-3.69179e-05 0 9.99 0 0 9.99 0 0 -9.99 0 -3.69179e-05 0 5050 0 850 1 6

1
5450	44	550
0	-3.14159	0
10.07	10.07	10.07
1	1	1	1
-10.07 0 2.55293e-05 0 0 10.07 0 0 -2.55293e-05 0 -10.07 0 5450 44 550 1 3

1
5429	0	1129
0	1.26013	0
10.48	10.48	10.48
1	1	1	1
3.20366 0 -9.97832 0 0 10.48 0 0 9.97832 0 3.20366 0 5429 0 1129 1 13

1
5440	0	968.5
0	1.5708	0
10.48	10.48	10.48
1	1	1	1
-3.87287e-05 0 -10.48 0 0 10.48 0 0 10.48 0 -3.87287e-05 0 5440 0 968.5 1 13

1
5407	0	798
0	2.15374	0
10.48	10.48	10.48
1	1	1	1
-5.76907 0 -8.74918 0 0 10.48 0 0 8.74918 0 -5.76907 0 5407 0 798 1 13

1
5291.5	0	1144.5
0	-3.14159	0
10.48	10.48	10.48
1	1	1	1
-10.48 0 2.65687e-05 0 0 10.48 0 0 -2.65687e-05 0 -10.48 0 5291.5 0 1144.5 1 13

1
4736	0	2954
0	-3.14159	0
10.18	10.18	10.18
1	1	1	1
-10.18 0 2.58082e-05 0 0 10.18 0 0 -2.58082e-05 0 -10.18 0 4736 0 2954 1 13

1
5214.5	0	952
0	2.6625	0
10.48	10.48	10.48
1	1	1	1
-9.30009 0 -4.83101 0 0 10.48 0 0 4.83101 0 -9.30009 0 5214.5 0 952 1 12

1
5350	44	550
0	-3.14159	0
10.07	10.07	10.07
1	1	1	1
-10.07 0 2.55293e-05 0 0 10.07 0 0 -2.55293e-05 0 -10.07 0 5350 44 550 1 3

1
5350	44	450
0	-3.14159	0
10.07	10.07	10.07
1	1	1	1
-10.07 0 2.55293e-05 0 0 10.07 0 0 -2.55293e-05 0 -10.07 0 5350 44 450 1 3

1
5350	44	350
0	-3.14159	0
10.07	10.07	10.07
1	1	1	1
-10.07 0 2.55293e-05 0 0 10.07 0 0 -2.55293e-05 0 -10.07 0 5350 44 350 1 3

1
5450	44	350
0	-3.14159	0
10.07	10.07	10.07
1	1	1	1
-10.07 0 2.55293e-05 0 0 10.07 0 0 -2.55293e-05 0 -10.07 0 5450 44 350 1 3

1
5450	44	450
0	-3.14159	0
10.07	10.07	10.07
1	1	1	1
-10.07 0 2.55293e-05 0 0 10.07 0 0 -2.55293e-05 0 -10.07 0 5450 44 450 1 3

1
1400	0	4891
0	0	0
19.995	19.995	19.995
1	1	1	1
19.995 0 0 0 0 19.995 0 0 0 0 19.995 0 1400 0 4891 1 1

1
4739	0	3699.5
0	1.5708	0
19.995	19.995	19.995
1	1	1	1
-7.38913e-05 0 -19.995 0 0 19.995 0 0 19.995 0 -7.38913e-05 0 4739 0 3699.5 1 1

1
4739	0	3500
0	1.5708	0
19.995	19.995	19.995
1	1	1	1
-7.38913e-05 0 -19.995 0 0 19.995 0 0 19.995 0 -7.38913e-05 0 4739 0 3500 1 1

1
4739	0	3300
0	1.5708	0
19.995	19.995	19.995
1	1	1	1
-7.38913e-05 0 -19.995 0 0 19.995 0 0 19.995 0 -7.38913e-05 0 4739 0 3300 1 1

1
5165	0	1128
0	2.6625	0
10.48	10.48	10.48
1	1	1	1
-9.30009 0 -4.83101 0 0 10.48 0 0 4.83101 0 -9.30009 0 5165 0 1128 1 13

1
4279.5	0	3713
0	2.6625	0
10.48	10.48	10.48
1	1	1	1
-9.30009 0 -4.83101 0 0 10.48 0 0 4.83101 0 -9.30009 0 4279.5 0 3713 1 13

1
4263	0	3553.5
0	-3.14159	0
10.48	10.48	10.48
1	1	1	1
-10.48 0 2.65687e-05 0 0 10.48 0 0 -2.65687e-05 0 -10.48 0 4263 0 3553.5 1 13

1
4263	0	3394
0	-1.5708	0
10.48	10.48	10.48
1	1	1	1
-3.87287e-05 0 10.48 0 0 10.48 0 0 -10.48 0 -3.87287e-05 0 4263 0 3394 1 13

1
4290.5	0	3240
0	-0.862193	0
10.48	10.48	10.48
1	1	1	1
6.82011 0 7.95716 0 0 10.48 0 0 -7.95716 0 6.82011 0 4290.5 0 3240 1 13

1
4290.5	0	2992.5
0	-0.862193	0
10.48	10.48	10.48
1	1	1	1
6.82011 0 7.95716 0 0 10.48 0 0 -7.95716 0 6.82011 0 4290.5 0 2992.5 1 13

1
3250	0	950
0	-3.14159	0
9.99	9.99	9.99
1	1	1	1
-9.99 0 2.53265e-05 0 0 9.99 0 0 -2.53265e-05 0 -9.99 0 3250 0 950 1 6

1
7313.5	0	3841
0	-0.326377	0
10.48	10.48	10.48
1	1	1	1
9.92676 0 3.36002 0 0 10.48 0 0 -3.36002 0 9.92676 0 7313.5 0 3841 1 13

1
4268.5	0	3113.5
0	-3.14159	0
13.63	13.63	13.63
1	1	1	1
-13.63 0 3.45545e-05 0 0 13.63 0 0 -3.45545e-05 0 -13.63 0 4268.5 0 3113.5 1 12

1
3300	-252	2950
0	0	0
10	10	10
1	1	1	1
10 0 0 0 0 10 0 0 0 0 10 0 3300 -252 2950 1 10

1
4850	-252	2400
0	1.5708	0
10	10	10
1	1	1	1
-3.69549e-05 0 -10 0 0 10 0 0 10 0 -3.69549e-05 0 4850 -252 2400 1 10

1
1650	-30.9999	5200
0	1.5708	0
1.43	1.43	1.43
1	1	1	1
-5.28455e-06 0 -1.43 0 0 1.43 0 0 1.43 0 -5.28455e-06 0 1650 -30.9999 5200 1 9

1
5050	-30.9999	2700
0	1.5708	0
1.43	1.43	1.43
1	1	1	1
-5.28455e-06 0 -1.43 0 0 1.43 0 0 1.43 0 -5.28455e-06 0 5050 -30.9999 2700 1 9

1
5050	-30.9999	3100
0	1.5708	0
1.43	1.43	1.43
1	1	1	1
-5.28455e-06 0 -1.43 0 0 1.43 0 0 1.43 0 -5.28455e-06 0 5050 -30.9999 3100 1 9

1
5050	-30.9999	3500
0	1.5708	0
1.43	1.43	1.43
1	1	1	1
-5.28455e-06 0 -1.43 0 0 1.43 0 0 1.43 0 -5.28455e-06 0 5050 -30.9999 3500 1 9

1
5050	-30.9999	3900
0	1.5708	0
1.43	1.43	1.43
1	1	1	1
-5.28455e-06 0 -1.43 0 0 1.43 0 0 1.43 0 -5.28455e-06 0 5050 -30.9999 3900 1 9

1
5050	-30.9999	4300
0	1.5708	0
1.43	1.43	1.43
1	1	1	1
-5.28455e-06 0 -1.43 0 0 1.43 0 0 1.43 0 -5.28455e-06 0 5050 -30.9999 4300 1 9

1
5050	-30.9999	4700
0	1.5708	0
1.43	1.43	1.43
1	1	1	1
-5.28455e-06 0 -1.43 0 0 1.43 0 0 1.43 0 -5.28455e-06 0 5050 -30.9999 4700 1 9

1
5050	-30.9999	5100
0	1.5708	0
1.43	1.43	1.43
1	1	1	1
-5.28455e-06 0 -1.43 0 0 1.43 0 0 1.43 0 -5.28455e-06 0 5050 -30.9999 5100 1 9

1
5050	-30.9999	5500
0	1.5708	0
1.43	1.43	1.43
1	1	1	1
-5.28455e-06 0 -1.43 0 0 1.43 0 0 1.43 0 -5.28455e-06 0 5050 -30.9999 5500 1 9

1
5050	-30.9999	5900
0	1.5708	0
1.43	1.43	1.43
1	1	1	1
-5.28455e-06 0 -1.43 0 0 1.43 0 0 1.43 0 -5.28455e-06 0 5050 -30.9999 5900 1 9

1
5050	-30.9999	6300
0	1.5708	0
1.43	1.43	1.43
1	1	1	1
-5.28455e-06 0 -1.43 0 0 1.43 0 0 1.43 0 -5.28455e-06 0 5050 -30.9999 6300 1 9

1
5050	-30.9999	6700
0	1.5708	0
1.43	1.43	1.43
1	1	1	1
-5.28455e-06 0 -1.43 0 0 1.43 0 0 1.43 0 -5.28455e-06 0 5050 -30.9999 6700 1 9

1
7550	-30.9999	3700
0	1.5708	0
1.43	1.43	1.43
1	1	1	1
-5.28455e-06 0 -1.43 0 0 1.43 0 0 1.43 0 -5.28455e-06 0 7550 -30.9999 3700 1 9

1
7550	-30.9999	3300
0	1.5708	0
1.43	1.43	1.43
1	1	1	1
-5.28455e-06 0 -1.43 0 0 1.43 0 0 1.43 0 -5.28455e-06 0 7550 -30.9999 3300 1 9

1
1450	60	3000
0	1.5708	0
13.36	13.36	13.36
1	1	1	1
-4.93717e-05 0 -13.36 0 0 13.36 0 0 13.36 0 -4.93717e-05 0 1450 60 3000 1 14

1
5300	60	3550
0	0	0
13.36	13.36	13.36
1	1	1	1
13.36 0 0 0 0 13.36 0 0 0 0 13.36 0 5300 60 3550 1 14

1
5700	60	3550
0	0	0
13.36	13.36	13.36
1	1	1	1
13.36 0 0 0 0 13.36 0 0 0 0 13.36 0 5700 60 3550 1 14

1
6100	60	3550
0	0	0
13.36	13.36	13.36
1	1	1	1
13.36 0 0 0 0 13.36 0 0 0 0 13.36 0 6100 60 3550 1 14

1
6500	60	3550
0	0	0
13.36	13.36	13.36
1	1	1	1
13.36 0 0 0 0 13.36 0 0 0 0 13.36 0 6500 60 3550 1 14

1
6900	60	3550
0	0	0
13.36	13.36	13.36
1	1	1	1
13.36 0 0 0 0 13.36 0 0 0 0 13.36 0 6900 60 3550 1 14

1
7300	60	3550
0	0	0
13.36	13.36	13.36
1	1	1	1
13.36 0 0 0 0 13.36 0 0 0 0 13.36 0 7300 60 3550 1 14

1
5300	60	3750
0	-3.14159	0
13.36	13.36	13.36
1	1	1	1
-13.36 0 3.387e-05 0 0 13.36 0 0 -3.387e-05 0 -13.36 0 5300 60 3750 1 14

1
5700	60	3750
0	-3.14159	0
13.36	13.36	13.36
1	1	1	1
-13.36 0 3.387e-05 0 0 13.36 0 0 -3.387e-05 0 -13.36 0 5700 60 3750 1 14

1
6100	60	3750
0	-3.14159	0
13.36	13.36	13.36
1	1	1	1
-13.36 0 3.387e-05 0 0 13.36 0 0 -3.387e-05 0 -13.36 0 6100 60 3750 1 14

1
6500	60	3750
0	-3.14159	0
13.36	13.36	13.36
1	1	1	1
-13.36 0 3.387e-05 0 0 13.36 0 0 -3.387e-05 0 -13.36 0 6500 60 3750 1 14

1
6900	60	3750
0	-3.14159	0
13.36	13.36	13.36
1	1	1	1
-13.36 0 3.387e-05 0 0 13.36 0 0 -3.387e-05 0 -13.36 0 6900 60 3750 1 14

1
11655.5	0	3400
0	1.5708	0
110.425	110.425	110.425
1	1	1	1
-0.000408074 0 -110.425 0 0 110.425 0 0 110.425 0 -0.000408074 0 11655.5 0 3400 1 8

1
5050	-30.9999	2300
0	1.5708	0
1.43	1.43	1.43
1	1	1	1
-5.28455e-06 0 -1.43 0 0 1.43 0 0 1.43 0 -5.28455e-06 0 5050 -30.9999 2300 1 9

1
7500	-30.9999	2750
0	-3.14159	0
1.43	1.43	1.43
1	1	1	1
-1.43 0 3.62531e-06 0 0 1.43 0 0 -3.62531e-06 0 -1.43 0 7500 -30.9999 2750 1 9

1
7350	-30.9999	2500
0	-1.5708	0
1.43	1.43	1.43
1	1	1	1
-5.28455e-06 0 1.43 0 0 1.43 0 0 -1.43 0 -5.28455e-06 0 7350 -30.9999 2500 1 9

1
2350	368	9700
0	1.5708	0
1.43	1.43	1.43
1	1	1	1
8.52346e-08 0 -1.43 0 0 1.43 0 0 1.43 0 8.52346e-08 0 2350 368 9700 1 9

1
7350	-30.9999	1700
0	-1.5708	0
1.43	1.43	1.43
1	1	1	1
-5.28455e-06 0 1.43 0 0 1.43 0 0 -1.43 0 -5.28455e-06 0 7350 -30.9999 1700 1 9

1
7350	-30.9999	1300
0	-1.5708	0
1.43	1.43	1.43
1	1	1	1
-5.28455e-06 0 1.43 0 0 1.43 0 0 -1.43 0 -5.28455e-06 0 7350 -30.9999 1300 1 9

1
7350	-30.9999	900
0	-1.5708	0
1.43	1.43	1.43
1	1	1	1
-5.28455e-06 0 1.43 0 0 1.43 0 0 -1.43 0 -5.28455e-06 0 7350 -30.9999 900 1 9

1
7500	-30.9999	650
0	0	0
1.43	1.43	1.43
1	1	1	1
1.43 0 0 0 0 1.43 0 0 0 0 1.43 0 7500 -30.9999 650 1 9

1
7500	-30.9999	550
0	0	0
1.43	1.43	1.43
1	1	1	1
1.43 0 0 0 0 1.43 0 0 0 0 1.43 0 7500 -30.9999 550 1 9

1
7500	-30.9999	450
0	0	0
1.43	1.43	1.43
1	1	1	1
1.43 0 0 0 0 1.43 0 0 0 0 1.43 0 7500 -30.9999 450 1 9

1
8000	-30.9999	250
0	0	0
1.43	1.43	1.43
1	1	1	1
1.43 0 0 0 0 1.43 0 0 0 0 1.43 0 8000 -30.9999 250 1 9

1
8150	-30.9999	500
0	1.5708	0
1.43	1.43	1.43
1	1	1	1
-5.28455e-06 0 -1.43 0 0 1.43 0 0 1.43 0 -5.28455e-06 0 8150 -30.9999 500 1 9

1
7900	-30.9999	650
0	0	0
1.43	1.43	1.43
1	1	1	1
1.43 0 0 0 0 1.43 0 0 0 0 1.43 0 7900 -30.9999 650 1 9

1
7850	-30.9999	500
0	1.5708	0
1.43	1.43	1.43
1	1	1	1
-5.28455e-06 0 -1.43 0 0 1.43 0 0 1.43 0 -5.28455e-06 0 7850 -30.9999 500 1 9

1
7750	-30.9999	600
0	-1.5708	0
1.43	1.43	1.43
1	1	1	1
-5.28455e-06 0 1.43 0 0 1.43 0 0 -1.43 0 -5.28455e-06 0 7750 -30.9999 600 1 9

1
7750	-30.9999	1000
0	-1.5708	0
1.43	1.43	1.43
1	1	1	1
-5.28455e-06 0 1.43 0 0 1.43 0 0 -1.43 0 -5.28455e-06 0 7750 -30.9999 1000 1 9

1
7750	-30.9999	1400
0	-1.5708	0
1.43	1.43	1.43
1	1	1	1
-5.28455e-06 0 1.43 0 0 1.43 0 0 -1.43 0 -5.28455e-06 0 7750 -30.9999 1400 1 9

1
7750	-30.9999	1800
0	-1.5708	0
1.43	1.43	1.43
1	1	1	1
-5.28455e-06 0 1.43 0 0 1.43 0 0 -1.43 0 -5.28455e-06 0 7750 -30.9999 1800 1 9

1
7900	-30.9999	1850
0	-3.14159	0
1.43	1.43	1.43
1	1	1	1
-1.43 0 3.62531e-06 0 0 1.43 0 0 -3.62531e-06 0 -1.43 0 7900 -30.9999 1850 1 9

1
8050	-30.9999	2100
0	1.5708	0
1.43	1.43	1.43
1	1	1	1
-5.28455e-06 0 -1.43 0 0 1.43 0 0 1.43 0 -5.28455e-06 0 8050 -30.9999 2100 1 9

1
8050	-30.9999	2500
0	1.5708	0
1.43	1.43	1.43
1	1	1	1
-5.28455e-06 0 -1.43 0 0 1.43 0 0 1.43 0 -5.28455e-06 0 8050 -30.9999 2500 1 9

1
8300	-30.9999	2550
0	-3.14159	0
1.43	1.43	1.43
1	1	1	1
-1.43 0 3.62531e-06 0 0 1.43 0 0 -3.62531e-06 0 -1.43 0 8300 -30.9999 2550 1 9

1
5800	-30.9999	3150
0	0	0
1.43	1.43	1.43
1	1	1	1
1.43 0 0 0 0 1.43 0 0 0 0 1.43 0 5800 -30.9999 3150 1 9

1
5650	-30.9999	2900
0	1.5708	0
1.43	1.43	1.43
1	1	1	1
-5.28455e-06 0 -1.43 0 0 1.43 0 0 1.43 0 -5.28455e-06 0 5650 -30.9999 2900 1 9

1
5650	-30.9999	2500
0	1.5708	0
1.43	1.43	1.43
1	1	1	1
-5.28455e-06 0 -1.43 0 0 1.43 0 0 1.43 0 -5.28455e-06 0 5650 -30.9999 2500 1 9

1
5800	-30.9999	2250
0	-3.14159	0
1.43	1.43	1.43
1	1	1	1
-1.43 0 3.62531e-06 0 0 1.43 0 0 -3.62531e-06 0 -1.43 0 5800 -30.9999 2250 1 9

1
5800	-30.9999	2150
0	-3.14159	0
1.43	1.43	1.43
1	1	1	1
-1.43 0 3.62531e-06 0 0 1.43 0 0 -3.62531e-06 0 -1.43 0 5800 -30.9999 2150 1 9

1
5800	-30.9999	2050
0	-3.14159	0
1.43	1.43	1.43
1	1	1	1
-1.43 0 3.62531e-06 0 0 1.43 0 0 -3.62531e-06 0 -1.43 0 5800 -30.9999 2050 1 9

1
6050	-30.9999	3000
0	-1.5708	0
1.43	1.43	1.43
1	1	1	1
-5.28455e-06 0 1.43 0 0 1.43 0 0 -1.43 0 -5.28455e-06 0 6050 -30.9999 3000 1 9

1
6050	-30.9999	2600
0	-1.5708	0
1.43	1.43	1.43
1	1	1	1
-5.28455e-06 0 1.43 0 0 1.43 0 0 -1.43 0 -5.28455e-06 0 6050 -30.9999 2600 1 9

1
6300	-30.9999	2550
0	0	0
1.43	1.43	1.43
1	1	1	1
1.43 0 0 0 0 1.43 0 0 0 0 1.43 0 6300 -30.9999 2550 1 9

1
6300	-30.9999	2350
0	0	0
1.43	1.43	1.43
1	1	1	1
1.43 0 0 0 0 1.43 0 0 0 0 1.43 0 6300 -30.9999 2350 1 9

1
6050	-30.9999	2100
0	1.5708	0
1.43	1.43	1.43
1	1	1	1
-5.28455e-06 0 -1.43 0 0 1.43 0 0 1.43 0 -5.28455e-06 0 6050 -30.9999 2100 1 9

1
6050	-30.9999	1700
0	1.5708	0
1.43	1.43	1.43
1	1	1	1
-5.28455e-06 0 -1.43 0 0 1.43 0 0 1.43 0 -5.28455e-06 0 6050 -30.9999 1700 1 9

1
6050	-30.9999	1300
0	1.5708	0
1.43	1.43	1.43
1	1	1	1
-5.28455e-06 0 -1.43 0 0 1.43 0 0 1.43 0 -5.28455e-06 0 6050 -30.9999 1300 1 9

1
6050	-30.9999	900
0	1.5708	0
1.43	1.43	1.43
1	1	1	1
-5.28455e-06 0 -1.43 0 0 1.43 0 0 1.43 0 -5.28455e-06 0 6050 -30.9999 900 1 9

1
6050	-30.9999	500
0	1.5708	0
1.43	1.43	1.43
1	1	1	1
-5.28455e-06 0 -1.43 0 0 1.43 0 0 1.43 0 -5.28455e-06 0 6050 -30.9999 500 1 9

1
6050	-30.9999	100
0	1.5708	0
1.43	1.43	1.43
1	1	1	1
-5.28455e-06 0 -1.43 0 0 1.43 0 0 1.43 0 -5.28455e-06 0 6050 -30.9999 100 1 9

1
8200	-30.9999	-50
0	0	0
1.43	1.43	1.43
1	1	1	1
1.43 0 0 0 0 1.43 0 0 0 0 1.43 0 8200 -30.9999 -50 1 9

1
5850	-30.9999	1400
0	1.5708	0
1.43	1.43	1.43
1	1	1	1
-5.28455e-06 0 -1.43 0 0 1.43 0 0 1.43 0 -5.28455e-06 0 5850 -30.9999 1400 1 9

1
5850	-30.9999	1000
0	1.5708	0
1.43	1.43	1.43
1	1	1	1
-5.28455e-06 0 -1.43 0 0 1.43 0 0 1.43 0 -5.28455e-06 0 5850 -30.9999 1000 1 9

1
5850	-30.9999	600
0	1.5708	0
1.43	1.43	1.43
1	1	1	1
-5.28455e-06 0 -1.43 0 0 1.43 0 0 1.43 0 -5.28455e-06 0 5850 -30.9999 600 1 9

1
3450	0	950
0	-3.14159	0
9.99	9.99	9.99
1	1	1	1
-9.99 0 2.53265e-05 0 0 9.99 0 0 -2.53265e-05 0 -9.99 0 3450 0 950 1 6

1
6550	0	2550
0	-3.14159	0
9.99	9.99	9.99
1	1	1	1
-9.99 0 2.53265e-05 0 0 9.99 0 0 -2.53265e-05 0 -9.99 0 6550 0 2550 1 6

1
8550	0	2550
0	0	0
9.99	9.99	9.99
1	1	1	1
9.99 0 0 0 0 9.99 0 0 0 0 9.99 0 8550 0 2550 1 6

1
8750	0	150
0	-3.14159	0
9.99	9.99	9.99
1	1	1	1
-9.99 0 -8.73354e-07 0 0 9.99 0 0 8.73354e-07 0 -9.99 0 8750 0 150 1 6

1
6650	0	2350
0	-1.5708	0
9.99	9.99	9.99
1	1	1	1
-3.69179e-05 0 9.99 0 0 9.99 0 0 -9.99 0 -3.69179e-05 0 6650 0 2350 1 6

1
1000	0	4891
0	0	0
19.995	19.995	19.995
1	1	1	1
19.995 0 0 0 0 19.995 0 0 0 0 19.995 0 1000 0 4891 1 1

1
7311.5	0	3400
0	1.5708	0
19.995	19.995	19.995
1	1	1	1
-7.38913e-05 0 -19.995 0 0 19.995 0 0 19.995 0 -7.38913e-05 0 7311.5 0 3400 1 1

1
7311.5	0	3200
0	1.5708	0
19.995	19.995	19.995
1	1	1	1
-7.38913e-05 0 -19.995 0 0 19.995 0 0 19.995 0 -7.38913e-05 0 7311.5 0 3200 1 1

1
4433.5	0	2965
0	-3.14159	0
10.48	10.48	10.48
1	1	1	1
-10.48 0 2.65687e-05 0 0 10.48 0 0 -2.65687e-05 0 -10.48 0 4433.5 0 2965 1 13

1
5850	-30.9999	1800
0	1.5708	0
1.43	1.43	1.43
1	1	1	1
-5.28455e-06 0 -1.43 0 0 1.43 0 0 1.43 0 -5.28455e-06 0 5850 -30.9999 1800 1 9

1
6700	-30.9999	1650
0	-3.14159	0
1.43	1.43	1.43
1	1	1	1
-1.43 0 -1.25015e-07 0 0 1.43 0 0 1.25015e-07 0 -1.43 0 6700 -30.9999 1650 1 9

1
6700	-30.9999	1550
0	-3.14159	0
1.43	1.43	1.43
1	1	1	1
-1.43 0 -1.25015e-07 0 0 1.43 0 0 1.25015e-07 0 -1.43 0 6700 -30.9999 1550 1 9

1
6700	-30.9999	1450
0	-3.14159	0
1.43	1.43	1.43
1	1	1	1
-1.43 0 -1.25015e-07 0 0 1.43 0 0 1.25015e-07 0 -1.43 0 6700 -30.9999 1450 1 9

1
7100	-30.9999	1450
0	-3.14159	0
1.43	1.43	1.43
1	1	1	1
-1.43 0 -1.25015e-07 0 0 1.43 0 0 1.25015e-07 0 -1.43 0 7100 -30.9999 1450 1 9

1
7100	-30.9999	1550
0	-3.14159	0
1.43	1.43	1.43
1	1	1	1
-1.43 0 -1.25015e-07 0 0 1.43 0 0 1.25015e-07 0 -1.43 0 7100 -30.9999 1550 1 9

1
7100	-30.9999	1650
0	-3.14159	0
1.43	1.43	1.43
1	1	1	1
-1.43 0 -1.25015e-07 0 0 1.43 0 0 1.25015e-07 0 -1.43 0 7100 -30.9999 1650 1 9

1
6300	-30.9999	150
0	-3.14159	0
1.43	1.43	1.43
1	1	1	1
-1.43 0 -1.25015e-07 0 0 1.43 0 0 1.25015e-07 0 -1.43 0 6300 -30.9999 150 1 9

1
6700	-30.9999	150
0	-3.14159	0
1.43	1.43	1.43
1	1	1	1
-1.43 0 -1.25015e-07 0 0 1.43 0 0 1.25015e-07 0 -1.43 0 6700 -30.9999 150 1 9

1
7100	-30.9999	150
0	-3.14159	0
1.43	1.43	1.43
1	1	1	1
-1.43 0 -1.25015e-07 0 0 1.43 0 0 1.25015e-07 0 -1.43 0 7100 -30.9999 150 1 9

1
7350	-30.9999	0
0	-1.5708	0
1.43	1.43	1.43
1	1	1	1
8.52346e-08 0 1.43 0 0 1.43 0 0 -1.43 0 8.52346e-08 0 7350 -30.9999 0 1 9

1
7450	-30.9999	0
0	-1.5708	0
1.43	1.43	1.43
1	1	1	1
8.52346e-08 0 1.43 0 0 1.43 0 0 -1.43 0 8.52346e-08 0 7450 -30.9999 0 1 9

1
7550	-30.9999	0
0	-1.5708	0
1.43	1.43	1.43
1	1	1	1
8.52346e-08 0 1.43 0 0 1.43 0 0 -1.43 0 8.52346e-08 0 7550 -30.9999 0 1 9

1
8600	-30.9999	850
0	0	0
1.425	1.425	1.425
1	1	1	1
1.425 0 0 0 0 1.425 0 0 0 0 1.425 0 8600 -30.9999 850 1 9

1
8450	-65	600
0	1.5708	0
10.02	10.02	10.02
1	1	1	1
5.97238e-07 0 -10.02 0 0 10.02 0 0 10.02 0 5.97238e-07 0 8450 -65 600 1 11

1
8450	-65	200
0	1.5708	0
10.02	10.02	10.02
1	1	1	1
5.97238e-07 0 -10.02 0 0 10.02 0 0 10.02 0 5.97238e-07 0 8450 -65 200 1 11

1
7800	-30.9999	-50
0	0	0
1.43	1.43	1.43
1	1	1	1
1.43 0 0 0 0 1.43 0 0 0 0 1.43 0 7800 -30.9999 -50 1 9

1
8200	-30.9999	950
0	0	0
1.43	1.43	1.43
1	1	1	1
1.43 0 0 0 0 1.43 0 0 0 0 1.43 0 8200 -30.9999 950 1 9

1
8050	-30.9999	1200
0	1.5708	0
1.43	1.43	1.43
1	1	1	1
8.52346e-08 0 -1.43 0 0 1.43 0 0 1.43 0 8.52346e-08 0 8050 -30.9999 1200 1 9

1
8200	-30.9999	1450
0	-3.14159	0
1.43	1.43	1.43
1	1	1	1
-1.43 0 -1.25015e-07 0 0 1.43 0 0 1.25015e-07 0 -1.43 0 8200 -30.9999 1450 1 9

1
8200	-30.9999	1550
0	-3.14159	0
1.43	1.43	1.43
1	1	1	1
-1.43 0 -1.25015e-07 0 0 1.43 0 0 1.25015e-07 0 -1.43 0 8200 -30.9999 1550 1 9

1
8700	-30.9999	1550
0	-3.14159	0
1.43	1.43	1.43
1	1	1	1
-1.43 0 -1.25015e-07 0 0 1.43 0 0 1.25015e-07 0 -1.43 0 8700 -30.9999 1550 1 9

1
8450	-30.9999	1400
0	-1.5708	0
1.43	1.43	1.43
1	1	1	1
8.52346e-08 0 1.43 0 0 1.43 0 0 -1.43 0 8.52346e-08 0 8450 -30.9999 1400 1 9

1
8750	-30.9999	1300
0	-1.5708	0
1.43	1.43	1.43
1	1	1	1
8.52346e-08 0 1.43 0 0 1.43 0 0 -1.43 0 8.52346e-08 0 8750 -30.9999 1300 1 9

1
8750	-30.9999	900
0	-1.5708	0
1.43	1.43	1.43
1	1	1	1
8.52346e-08 0 1.43 0 0 1.43 0 0 -1.43 0 8.52346e-08 0 8750 -30.9999 900 1 9

1
6650	0	2450
0	-1.5708	0
9.99	9.99	9.99
1	1	1	1
-3.69179e-05 0 9.99 0 0 9.99 0 0 -9.99 0 -3.69179e-05 0 6650 0 2450 1 6

1
8550	0	650
0	0	0
9.99	9.99	9.99
1	1	1	1
9.99 0 0 0 0 9.99 0 0 0 0 9.99 0 8550 0 650 1 6

1
8650	0	650
0	0	0
9.99	9.99	9.99
1	1	1	1
9.99 0 0 0 0 9.99 0 0 0 0 9.99 0 8650 0 650 1 6

1
8750	0	650
0	0	0
9.99	9.99	9.99
1	1	1	1
9.99 0 0 0 0 9.99 0 0 0 0 9.99 0 8750 0 650 1 6

1
8550	0	150
0	-3.14159	0
9.99	9.99	9.99
1	1	1	1
-9.99 0 -8.73354e-07 0 0 9.99 0 0 8.73354e-07 0 -9.99 0 8550 0 150 1 6

1
8650	0	150
0	-3.14159	0
9.99	9.99	9.99
1	1	1	1
-9.99 0 -8.73354e-07 0 0 9.99 0 0 8.73354e-07 0 -9.99 0 8650 0 150 1 6

1
4598.5	0	2965
0	-3.14159	0
10.48	10.48	10.48
1	1	1	1
-10.48 0 2.65687e-05 0 0 10.48 0 0 -2.65687e-05 0 -10.48 0 4598.5 0 2965 1 13

1
9000	-252	50
0	-3.14159	0
10	10	10
1	1	1	1
-10 0 2.53518e-05 0 0 10 0 0 -2.53518e-05 0 -10 0 9000 -252 50 1 10

1
6850	-252	4500
0	-1.5708	0
10	10	10
1	1	1	1
5.96046e-07 0 10 0 0 10 0 0 -10 0 5.96046e-07 0 6850 -252 4500 1 10

1
7900	-252	2750
0	-3.14159	0
10	10	10
1	1	1	1
-10 0 -8.74228e-07 0 0 10 0 0 8.74228e-07 0 -10 0 7900 -252 2750 1 10

1
9950	-252	300
0	-1.5708	0
10	10	10
1	1	1	1
5.96046e-07 0 10 0 0 10 0 0 -10 0 5.96046e-07 0 9950 -252 300 1 10

1
9950	-252	700
0	-1.5708	0
10	10	10
1	1	1	1
5.96046e-07 0 10 0 0 10 0 0 -10 0 5.96046e-07 0 9950 -252 700 1 10

1
9950	-252	1100
0	-1.5708	0
10	10	10
1	1	1	1
5.96046e-07 0 10 0 0 10 0 0 -10 0 5.96046e-07 0 9950 -252 1100 1 10

1
8850	-252	2100
0	1.5708	0
9.97	9.97	9.97
1	1	1	1
5.94258e-07 0 -9.97 0 0 9.97 0 0 9.97 0 5.94258e-07 0 8850 -252 2100 1 10

1
9700	-252	1550
0	0	0
10	10	10
1	1	1	1
10 0 0 0 0 10 0 0 0 0 10 0 9700 -252 1550 1 10

1
713	0	1409.5
0	-3.14159	0
19.6	19.6	19.6
1	1	1	1
-19.6 0 4.96896e-05 0 0 19.6 0 0 -4.96896e-05 0 -19.6 0 713 0 1409.5 1 1

1
9110	0	1800
0	-1.5708	0
19.6	19.6	19.6
1	1	1	1
1.16825e-06 0 19.6 0 0 19.6 0 0 -19.6 0 1.16825e-06 0 9110 0 1800 1 1

1
9110	0	1600
0	-1.5708	0
19.75	19.75	19.75
1	1	1	1
1.17719e-06 0 19.75 0 0 19.75 0 0 -19.75 0 1.17719e-06 0 9110 0 1600 1 1

1
9217.5	0	1890.5
0	0	0
19.75	19.75	19.75
1	1	1	1
19.75 0 0 0 0 19.75 0 0 0 0 19.75 0 9217.5 0 1890.5 1 1

1
9400	0	1890.5
0	0	0
19.75	19.75	19.75
1	1	1	1
19.75 0 0 0 0 19.75 0 0 0 0 19.75 0 9400 0 1890.5 1 1

1
9408	0	2000
0	1.5708	0
19.75	19.75	19.75
1	1	1	1
1.17719e-06 0 -19.75 0 0 19.75 0 0 19.75 0 1.17719e-06 0 9408 0 2000 1 1

1
9516	0	2090.5
0	-3.14159	0
19.75	19.75	19.75
1	1	1	1
-19.75 0 -1.7266e-06 0 0 19.75 0 0 1.7266e-06 0 -19.75 0 9516 0 2090.5 1 1

1
9712.5	0	2090.5
0	-3.14159	0
19.75	19.75	19.75
1	1	1	1
-19.75 0 -1.7266e-06 0 0 19.75 0 0 1.7266e-06 0 -19.75 0 9712.5 0 2090.5 1 1

1
9950	-252	1500
0	-1.5708	0
10	10	10
1	1	1	1
5.96046e-07 0 10 0 0 10 0 0 -10 0 5.96046e-07 0 9950 -252 1500 1 10

1
9000	-252	2150
0	0	0
10	10	10
1	1	1	1
10 0 0 0 0 10 0 0 0 0 10 0 9000 -252 2150 1 10

1
9000	-252	2250
0	0	0
10	10	10
1	1	1	1
10 0 0 0 0 10 0 0 0 0 10 0 9000 -252 2250 1 10

1
8600	-252	2250
0	0	0
10	10	10
1	1	1	1
10 0 0 0 0 10 0 0 0 0 10 0 8600 -252 2250 1 10

1
8450	-252	2000
0	1.5708	0
10	10	10
1	1	1	1
5.96046e-07 0 -10 0 0 10 0 0 10 0 5.96046e-07 0 8450 -252 2000 1 10

1
8700	-252	1850
0	0	0
10	10	10
1	1	1	1
10 0 0 0 0 10 0 0 0 0 10 0 8700 -252 1850 1 10

1
9800	-252	50
0	-3.14159	0
10	10	10
1	1	1	1
-10 0 2.53518e-05 0 0 10 0 0 -2.53518e-05 0 -10 0 9800 -252 50 1 10

1
9600	-252	2350
0	-3.14159	0
10	10	10
1	1	1	1
-10 0 2.53518e-05 0 0 10 0 0 -2.53518e-05 0 -10 0 9600 -252 2350 1 10

1
9750	-252	2600
0	-1.5708	0
10	10	10
1	1	1	1
5.96046e-07 0 10 0 0 10 0 0 -10 0 5.96046e-07 0 9750 -252 2600 1 10

1
9600	-252	2850
0	0	0
10	10	10
1	1	1	1
10 0 0 0 0 10 0 0 0 0 10 0 9600 -252 2850 1 10

1
9200	-252	2850
0	0	0
10	10	10
1	1	1	1
10 0 0 0 0 10 0 0 0 0 10 0 9200 -252 2850 1 10

1
9050	-252	3100
0	1.5708	0
10	10	10
1	1	1	1
5.96046e-07 0 -10 0 0 10 0 0 10 0 5.96046e-07 0 9050 -252 3100 1 10

1
8900	-252	3350
0	-3.14159	0
10	10	10
1	1	1	1
-10 0 -8.74228e-07 0 0 10 0 0 8.74228e-07 0 -10 0 8900 -252 3350 1 10

1
8650	-252	3200
0	-1.5708	0
10	10	10
1	1	1	1
5.96046e-07 0 10 0 0 10 0 0 -10 0 5.96046e-07 0 8650 -252 3200 1 10

1
8550	-252	3200
0	-1.5708	0
10	10	10
1	1	1	1
5.96046e-07 0 10 0 0 10 0 0 -10 0 5.96046e-07 0 8550 -252 3200 1 10

1
8550	-252	2800
0	-1.5708	0
10	10	10
1	1	1	1
5.96046e-07 0 10 0 0 10 0 0 -10 0 5.96046e-07 0 8550 -252 2800 1 10

1
9450	-252	2600
0	1.5708	0
10	10	10
1	1	1	1
5.96046e-07 0 -10 0 0 10 0 0 10 0 5.96046e-07 0 9450 -252 2600 1 10

1
9200	-252	2550
0	-3.14159	0
10	10	10
1	1	1	1
-10 0 -8.74228e-07 0 0 10 0 0 8.74228e-07 0 -10 0 9200 -252 2550 1 10

1
8800	-252	2550
0	-3.14159	0
10	10	10
1	1	1	1
-10 0 -8.74228e-07 0 0 10 0 0 8.74228e-07 0 -10 0 8800 -252 2550 1 10

1
8300	-252	2750
0	-3.14159	0
10	10	10
1	1	1	1
-10 0 -8.74228e-07 0 0 10 0 0 8.74228e-07 0 -10 0 8300 -252 2750 1 10

1
6650	0	2550
0	-1.5708	0
9.99	9.99	9.99
1	1	1	1
-3.69179e-05 0 9.99 0 0 9.99 0 0 -9.99 0 -3.69179e-05 0 6650 0 2550 1 6

1
9400	-252	50
0	-3.14159	0
10	10	10
1	1	1	1
-10 0 2.53518e-05 0 0 10 0 0 -2.53518e-05 0 -10 0 9400 -252 50 1 10

1
8100	-252	3050
0	-3.14159	0
10	10	10
1	1	1	1
-10 0 2.53518e-05 0 0 10 0 0 -2.53518e-05 0 -10 0 8100 -252 3050 1 10

1
7850	-252	3200
0	-1.5708	0
10	10	10
1	1	1	1
5.96046e-07 0 10 0 0 10 0 0 -10 0 5.96046e-07 0 7850 -252 3200 1 10

1
7850	-252	3600
0	-1.5708	0
10	10	10
1	1	1	1
5.96046e-07 0 10 0 0 10 0 0 -10 0 5.96046e-07 0 7850 -252 3600 1 10

1
7850	-252	4000
0	-1.5708	0
10	10	10
1	1	1	1
5.96046e-07 0 10 0 0 10 0 0 -10 0 5.96046e-07 0 7850 -252 4000 1 10

1
8000	-252	4250
0	0	0
10	10	10
1	1	1	1
10 0 0 0 0 10 0 0 0 0 10 0 8000 -252 4250 1 10

1
8000	-252	4350
0	0	0
10	10	10
1	1	1	1
10 0 0 0 0 10 0 0 0 0 10 0 8000 -252 4350 1 10

1
8250	-252	4200
0	1.5708	0
10	10	10
1	1	1	1
5.96046e-07 0 -10 0 0 10 0 0 10 0 5.96046e-07 0 8250 -252 4200 1 10

1
8250	-252	3800
0	1.5708	0
10	10	10
1	1	1	1
5.96046e-07 0 -10 0 0 10 0 0 10 0 5.96046e-07 0 8250 -252 3800 1 10

1
8250	-252	3400
0	1.5708	0
10	10	10
1	1	1	1
5.96046e-07 0 -10 0 0 10 0 0 10 0 5.96046e-07 0 8250 -252 3400 1 10

1
8100	-252	3150
0	-3.14159	0
10	10	10
1	1	1	1
-10 0 -8.74228e-07 0 0 10 0 0 8.74228e-07 0 -10 0 8100 -252 3150 1 10

1
9500	-252	3150
0	-3.14159	0
10	10	10
1	1	1	1
-10 0 -8.74228e-07 0 0 10 0 0 8.74228e-07 0 -10 0 9500 -252 3150 1 10

1
9750	-252	3300
0	1.5708	0
10	10	10
1	1	1	1
5.96046e-07 0 -10 0 0 10 0 0 10 0 5.96046e-07 0 9750 -252 3300 1 10

1
9600	-252	3550
0	0	0
10	10	10
1	1	1	1
10 0 0 0 0 10 0 0 0 0 10 0 9600 -252 3550 1 10

1
9350	-252	3400
0	1.5708	0
10	10	10
1	1	1	1
5.96046e-07 0 -10 0 0 10 0 0 10 0 5.96046e-07 0 9350 -252 3400 1 10

1
9100	-252	3650
0	-3.14159	0
10	10	10
1	1	1	1
-10 0 -8.74228e-07 0 0 10 0 0 8.74228e-07 0 -10 0 9100 -252 3650 1 10

1
8700	-252	3650
0	-3.14159	0
10	10	10
1	1	1	1
-10 0 -8.74228e-07 0 0 10 0 0 8.74228e-07 0 -10 0 8700 -252 3650 1 10

1
8550	-252	3900
0	-1.5708	0
10	10	10
1	1	1	1
5.96046e-07 0 10 0 0 10 0 0 -10 0 5.96046e-07 0 8550 -252 3900 1 10

1
8550	-252	4300
0	-1.5708	0
10	10	10
1	1	1	1
5.96046e-07 0 10 0 0 10 0 0 -10 0 5.96046e-07 0 8550 -252 4300 1 10

1
8550	-252	4700
0	-1.5708	0
10	10	10
1	1	1	1
5.96046e-07 0 10 0 0 10 0 0 -10 0 5.96046e-07 0 8550 -252 4700 1 10

1
9450	-252	3800
0	-1.5708	0
10	10	10
1	1	1	1
5.96046e-07 0 10 0 0 10 0 0 -10 0 5.96046e-07 0 9450 -252 3800 1 10

1
9300	-252	4050
0	0	0
10	10	10
1	1	1	1
10 0 0 0 0 10 0 0 0 0 10 0 9300 -252 4050 1 10

1
9050	-252	4300
0	1.5708	0
10	10	10
1	1	1	1
5.96046e-07 0 -10 0 0 10 0 0 10 0 5.96046e-07 0 9050 -252 4300 1 10

1
9050	-252	4700
0	-1.5708	0
10	10	10
1	1	1	1
5.96046e-07 0 10 0 0 10 0 0 -10 0 5.96046e-07 0 9050 -252 4700 1 10

1
8800	-252	4850
0	0	0
10	10	10
1	1	1	1
10 0 0 0 0 10 0 0 0 0 10 0 8800 -252 4850 1 10

1
7900	-252	4850
0	0	0
10	10	10
1	1	1	1
10 0 0 0 0 10 0 0 0 0 10 0 7900 -252 4850 1 10

1
8300	-252	4850
0	0	0
10	10	10
1	1	1	1
10 0 0 0 0 10 0 0 0 0 10 0 8300 -252 4850 1 10

1
7900	-252	4650
0	0	0
10	10	10
1	1	1	1
10 0 0 0 0 10 0 0 0 0 10 0 7900 -252 4650 1 10

1
8300	-252	4650
0	0	0
10	10	10
1	1	1	1
10 0 0 0 0 10 0 0 0 0 10 0 8300 -252 4650 1 10

1
7900	-252	4750
0	0	0
10	10	10
1	1	1	1
10 0 0 0 0 10 0 0 0 0 10 0 7900 -252 4750 1 10

1
9900	-252	3850
0	0	0
10	10	10
1	1	1	1
10 0 0 0 0 10 0 0 0 0 10 0 9900 -252 3850 1 10

1
9750	-252	4100
0	1.5708	0
10	10	10
1	1	1	1
5.96046e-07 0 -10 0 0 10 0 0 10 0 5.96046e-07 0 9750 -252 4100 1 10

1
9500	-252	4350
0	-3.14159	0
10	10	10
1	1	1	1
-10 0 -8.74228e-07 0 0 10 0 0 8.74228e-07 0 -10 0 9500 -252 4350 1 10

1
9350	-252	4600
0	-1.5708	0
10	10	10
1	1	1	1
5.96046e-07 0 10 0 0 10 0 0 -10 0 5.96046e-07 0 9350 -252 4600 1 10

1
9350	-252	5000
0	-1.5708	0
10	10	10
1	1	1	1
5.96046e-07 0 10 0 0 10 0 0 -10 0 5.96046e-07 0 9350 -252 5000 1 10

1
9100	-252	5150
0	0	0
10	10	10
1	1	1	1
10 0 0 0 0 10 0 0 0 0 10 0 9100 -252 5150 1 10

1
8700	-252	5150
0	0	0
10	10	10
1	1	1	1
10 0 0 0 0 10 0 0 0 0 10 0 8700 -252 5150 1 10

1
8300	-252	5150
0	0	0
10	10	10
1	1	1	1
10 0 0 0 0 10 0 0 0 0 10 0 8300 -252 5150 1 10

1
7900	-252	5150
0	0	0
10	10	10
1	1	1	1
10 0 0 0 0 10 0 0 0 0 10 0 7900 -252 5150 1 10

1
7500	-252	5150
0	0	0
10	10	10
1	1	1	1
10 0 0 0 0 10 0 0 0 0 10 0 7500 -252 5150 1 10

1
7550	-252	4900
0	1.5708	0
10	10	10
1	1	1	1
5.96046e-07 0 -10 0 0 10 0 0 10 0 5.96046e-07 0 7550 -252 4900 1 10

1
7550	-252	4500
0	1.5708	0
10	10	10
1	1	1	1
5.96046e-07 0 -10 0 0 10 0 0 10 0 5.96046e-07 0 7550 -252 4500 1 10

1
7400	-252	4250
0	-3.14159	0
10	10	10
1	1	1	1
-10 0 -8.74228e-07 0 0 10 0 0 8.74228e-07 0 -10 0 7400 -252 4250 1 10

1
7000	-252	4250
0	-3.14159	0
10	10	10
1	1	1	1
-10 0 -8.74228e-07 0 0 10 0 0 8.74228e-07 0 -10 0 7000 -252 4250 1 10

1
7311.5	0	3000
0	1.5708	0
19.995	19.995	19.995
1	1	1	1
-7.38913e-05 0 -19.995 0 0 19.995 0 0 19.995 0 -7.38913e-05 0 7311.5 0 3000 1 1

1
6857.5	0	3841
0	-1.5708	0
10.48	10.48	10.48
1	1	1	1
6.24657e-07 0 10.48 0 0 10.48 0 0 -10.48 0 6.24657e-07 0 6857.5 0 3841 1 13

1
7025.5	0	3841
0	-0.180642	0
10.48	10.48	10.48
1	1	1	1
10.3095 0 1.88284 0 0 10.48 0 0 -1.88284 0 10.3095 0 7025.5 0 3841 1 13

1
7181.5	0	3841
0	0	0
10.48	10.48	10.48
1	1	1	1
10.48 0 0 0 0 10.48 0 0 0 0 10.48 0 7181.5 0 3841 1 13

1
7433.5	0	3841
0	-0.326377	0
10.48	10.48	10.48
1	1	1	1
9.92676 0 3.36002 0 0 10.48 0 0 -3.36002 0 9.92676 0 7433.5 0 3841 1 13

1
7350	-30.9999	2100
0	-1.5708	0
1.43	1.43	1.43
1	1	1	1
-5.28455e-06 0 1.43 0 0 1.43 0 0 -1.43 0 -5.28455e-06 0 7350 -30.9999 2100 1 9

1
6850	-30.9999	4900
0	-1.5708	0
1.43	1.43	1.43
1	1	1	1
-5.28455e-06 0 1.43 0 0 1.43 0 0 -1.43 0 -5.28455e-06 0 6850 -30.9999 4900 1 9

1
6850	-30.9999	5300
0	-1.5708	0
1.43	1.43	1.43
1	1	1	1
-5.28455e-06 0 1.43 0 0 1.43 0 0 -1.43 0 -5.28455e-06 0 6850 -30.9999 5300 1 9

1
6850	-30.9999	5700
0	-1.5708	0
1.43	1.43	1.43
1	1	1	1
-5.28455e-06 0 1.43 0 0 1.43 0 0 -1.43 0 -5.28455e-06 0 6850 -30.9999 5700 1 9

1
7100	-30.9999	5850
0	0	0
1.43	1.43	1.43
1	1	1	1
1.43 0 0 0 0 1.43 0 0 0 0 1.43 0 7100 -30.9999 5850 1 9

1
7350	-30.9999	6300
0	1.5708	0
1.43	1.43	1.43
1	1	1	1
8.52346e-08 0 -1.43 0 0 1.43 0 0 1.43 0 8.52346e-08 0 7350 -30.9999 6300 1 9

1
7350	-30.9999	5900
0	1.5708	0
1.43	1.43	1.43
1	1	1	1
8.52346e-08 0 -1.43 0 0 1.43 0 0 1.43 0 8.52346e-08 0 7350 -30.9999 5900 1 9

1
7450	-30.9999	6300
0	1.5708	0
1.43	1.43	1.43
1	1	1	1
8.52346e-08 0 -1.43 0 0 1.43 0 0 1.43 0 8.52346e-08 0 7450 -30.9999 6300 1 9

1
7550	-30.9999	6300
0	1.5708	0
1.43	1.43	1.43
1	1	1	1
8.52346e-08 0 -1.43 0 0 1.43 0 0 1.43 0 8.52346e-08 0 7550 -30.9999 6300 1 9

1
7550	-30.9999	5900
0	1.5708	0
1.43	1.43	1.43
1	1	1	1
8.52346e-08 0 -1.43 0 0 1.43 0 0 1.43 0 8.52346e-08 0 7550 -30.9999 5900 1 9

1
7800	-30.9999	5850
0	-3.14159	0
1.43	1.43	1.43
1	1	1	1
-1.43 0 -1.25015e-07 0 0 1.43 0 0 1.25015e-07 0 -1.43 0 7800 -30.9999 5850 1 9

1
8200	-30.9999	5750
0	-3.14159	0
1.43	1.43	1.43
1	1	1	1
-1.43 0 -1.25015e-07 0 0 1.43 0 0 1.25015e-07 0 -1.43 0 8200 -30.9999 5750 1 9

1
8600	-30.9999	5750
0	-3.14159	0
1.43	1.43	1.43
1	1	1	1
-1.43 0 -1.25015e-07 0 0 1.43 0 0 1.25015e-07 0 -1.43 0 8600 -30.9999 5750 1 9

1
9000	-30.9999	5750
0	-3.14159	0
1.43	1.43	1.43
1	1	1	1
-1.43 0 -1.25015e-07 0 0 1.43 0 0 1.25015e-07 0 -1.43 0 9000 -30.9999 5750 1 9

1
9400	-30.9999	5750
0	-3.14159	0
1.43	1.43	1.43
1	1	1	1
-1.43 0 -1.25015e-07 0 0 1.43 0 0 1.25015e-07 0 -1.43 0 9400 -30.9999 5750 1 9

1
9550	-30.9999	6000
0	-1.5708	0
1.43	1.43	1.43
1	1	1	1
8.52346e-08 0 1.43 0 0 1.43 0 0 -1.43 0 8.52346e-08 0 9550 -30.9999 6000 1 9

1
9550	-30.9999	6400
0	-1.5708	0
1.43	1.43	1.43
1	1	1	1
8.52346e-08 0 1.43 0 0 1.43 0 0 -1.43 0 8.52346e-08 0 9550 -30.9999 6400 1 9

1
9550	-30.9999	6800
0	-1.5708	0
1.43	1.43	1.43
1	1	1	1
8.52346e-08 0 1.43 0 0 1.43 0 0 -1.43 0 8.52346e-08 0 9550 -30.9999 6800 1 9

1
9550	-30.9999	7200
0	-1.5708	0
1.43	1.43	1.43
1	1	1	1
8.52346e-08 0 1.43 0 0 1.43 0 0 -1.43 0 8.52346e-08 0 9550 -30.9999 7200 1 9

1
9550	-30.9999	7600
0	-1.5708	0
1.43	1.43	1.43
1	1	1	1
8.52346e-08 0 1.43 0 0 1.43 0 0 -1.43 0 8.52346e-08 0 9550 -30.9999 7600 1 9

1
9550	-30.9999	8000
0	-1.5708	0
1.43	1.43	1.43
1	1	1	1
8.52346e-08 0 1.43 0 0 1.43 0 0 -1.43 0 8.52346e-08 0 9550 -30.9999 8000 1 9

1
9550	-30.9999	8400
0	-1.5708	0
1.43	1.43	1.43
1	1	1	1
8.52346e-08 0 1.43 0 0 1.43 0 0 -1.43 0 8.52346e-08 0 9550 -30.9999 8400 1 9

1
9550	-30.9999	8800
0	-1.5708	0
1.43	1.43	1.43
1	1	1	1
8.52346e-08 0 1.43 0 0 1.43 0 0 -1.43 0 8.52346e-08 0 9550 -30.9999 8800 1 9

1
9550	-30.9999	9200
0	-1.5708	0
1.43	1.43	1.43
1	1	1	1
8.52346e-08 0 1.43 0 0 1.43 0 0 -1.43 0 8.52346e-08 0 9550 -30.9999 9200 1 9

1
9550	-30.9999	9600
0	-1.5708	0
1.43	1.43	1.43
1	1	1	1
8.52346e-08 0 1.43 0 0 1.43 0 0 -1.43 0 8.52346e-08 0 9550 -30.9999 9600 1 9

1
9300	-30.9999	9750
0	0	0
1.43	1.43	1.43
1	1	1	1
1.43 0 0 0 0 1.43 0 0 0 0 1.43 0 9300 -30.9999 9750 1 9

1
8900	-30.9999	9750
0	0	0
1.43	1.43	1.43
1	1	1	1
1.43 0 0 0 0 1.43 0 0 0 0 1.43 0 8900 -30.9999 9750 1 9

1
8500	-30.9999	9750
0	0	0
1.43	1.43	1.43
1	1	1	1
1.43 0 0 0 0 1.43 0 0 0 0 1.43 0 8500 -30.9999 9750 1 9

1
8100	-30.9999	9750
0	0	0
1.43	1.43	1.43
1	1	1	1
1.43 0 0 0 0 1.43 0 0 0 0 1.43 0 8100 -30.9999 9750 1 9

1
7700	-30.9999	9750
0	0	0
1.43	1.43	1.43
1	1	1	1
1.43 0 0 0 0 1.43 0 0 0 0 1.43 0 7700 -30.9999 9750 1 9

1
7300	-30.9999	9750
0	0	0
1.43	1.43	1.43
1	1	1	1
1.43 0 0 0 0 1.43 0 0 0 0 1.43 0 7300 -30.9999 9750 1 9

1
6900	-30.9999	9750
0	0	0
1.43	1.43	1.43
1	1	1	1
1.43 0 0 0 0 1.43 0 0 0 0 1.43 0 6900 -30.9999 9750 1 9

1
6500	-30.9999	9750
0	0	0
1.43	1.43	1.43
1	1	1	1
1.43 0 0 0 0 1.43 0 0 0 0 1.43 0 6500 -30.9999 9750 1 9

1
6100	-30.9999	9750
0	0	0
1.43	1.43	1.43
1	1	1	1
1.43 0 0 0 0 1.43 0 0 0 0 1.43 0 6100 -30.9999 9750 1 9

1
6150	-30.9999	9600
0	1.5708	0
1.43	1.43	1.43
1	1	1	1
8.52346e-08 0 -1.43 0 0 1.43 0 0 1.43 0 8.52346e-08 0 6150 -30.9999 9600 1 9

1
5900	-30.9999	9450
0	-3.14159	0
1.43	1.43	1.43
1	1	1	1
-1.43 0 -1.25015e-07 0 0 1.43 0 0 1.25015e-07 0 -1.43 0 5900 -30.9999 9450 1 9

1
5500	-30.9999	9450
0	-3.14159	0
1.43	1.43	1.43
1	1	1	1
-1.43 0 -1.25015e-07 0 0 1.43 0 0 1.25015e-07 0 -1.43 0 5500 -30.9999 9450 1 9

1
5100	-30.9999	9450
0	-3.14159	0
1.43	1.43	1.43
1	1	1	1
-1.43 0 -1.25015e-07 0 0 1.43 0 0 1.25015e-07 0 -1.43 0 5100 -30.9999 9450 1 9

1
4700	-30.9999	9450
0	-3.14159	0
1.43	1.43	1.43
1	1	1	1
-1.43 0 -1.25015e-07 0 0 1.43 0 0 1.25015e-07 0 -1.43 0 4700 -30.9999 9450 1 9

1
4300	-30.9999	9450
0	-3.14159	0
1.43	1.43	1.43
1	1	1	1
-1.43 0 -1.25015e-07 0 0 1.43 0 0 1.25015e-07 0 -1.43 0 4300 -30.9999 9450 1 9

1
4050	-30.9999	7300
0	-1.5708	0
1.43	1.43	1.43
1	1	1	1
8.52346e-08 0 1.43 0 0 1.43 0 0 -1.43 0 8.52346e-08 0 4050 -30.9999 7300 1 9

1
4400	-30.9999	7650
0	0	0
1.43	1.43	1.43
1	1	1	1
1.43 0 0 0 0 1.43 0 0 0 0 1.43 0 4400 -30.9999 7650 1 9

1
4000	-30.9999	7650
0	0	0
1.43	1.43	1.43
1	1	1	1
1.43 0 0 0 0 1.43 0 0 0 0 1.43 0 4000 -30.9999 7650 1 9

1
4050	-30.9999	7700
0	1.5708	0
1.43	1.43	1.43
1	1	1	1
8.52346e-08 0 -1.43 0 0 1.43 0 0 1.43 0 8.52346e-08 0 4050 -30.9999 7700 1 9

1
4400	-30.9999	7750
0	-3.14159	0
1.43	1.43	1.43
1	1	1	1
-1.43 0 -1.25015e-07 0 0 1.43 0 0 1.25015e-07 0 -1.43 0 4400 -30.9999 7750 1 9

1
4400	-30.9999	7850
0	-3.14159	0
1.43	1.43	1.43
1	1	1	1
-1.43 0 -1.25015e-07 0 0 1.43 0 0 1.25015e-07 0 -1.43 0 4400 -30.9999 7850 1 9

1
4000	-30.9999	7850
0	-3.14159	0
1.43	1.43	1.43
1	1	1	1
-1.43 0 -1.25015e-07 0 0 1.43 0 0 1.25015e-07 0 -1.43 0 4000 -30.9999 7850 1 9

1
4050	-30.9999	8100
0	-1.5708	0
1.43	1.43	1.43
1	1	1	1
8.52346e-08 0 1.43 0 0 1.43 0 0 -1.43 0 8.52346e-08 0 4050 -30.9999 8100 1 9

1
4050	-30.9999	8500
0	-1.5708	0
1.43	1.43	1.43
1	1	1	1
8.52346e-08 0 1.43 0 0 1.43 0 0 -1.43 0 8.52346e-08 0 4050 -30.9999 8500 1 9

1
4050	-30.9999	8900
0	-1.5708	0
1.43	1.43	1.43
1	1	1	1
8.52346e-08 0 1.43 0 0 1.43 0 0 -1.43 0 8.52346e-08 0 4050 -30.9999 8900 1 9

1
4050	-30.9999	9300
0	-1.5708	0
1.43	1.43	1.43
1	1	1	1
8.52346e-08 0 1.43 0 0 1.43 0 0 -1.43 0 8.52346e-08 0 4050 -30.9999 9300 1 9

1
3800	-30.9999	7150
0	0	0
1.43	1.43	1.43
1	1	1	1
1.43 0 0 0 0 1.43 0 0 0 0 1.43 0 3800 -30.9999 7150 1 9

1
3550	-30.9999	7300
0	1.5708	0
1.43	1.43	1.43
1	1	1	1
8.52346e-08 0 -1.43 0 0 1.43 0 0 1.43 0 8.52346e-08 0 3550 -30.9999 7300 1 9

1
3450	-30.9999	7300
0	1.5708	0
1.43	1.43	1.43
1	1	1	1
8.52346e-08 0 -1.43 0 0 1.43 0 0 1.43 0 8.52346e-08 0 3450 -30.9999 7300 1 9

1
3450	-30.9999	7700
0	1.5708	0
1.43	1.43	1.43
1	1	1	1
8.52346e-08 0 -1.43 0 0 1.43 0 0 1.43 0 8.52346e-08 0 3450 -30.9999 7700 1 9

1
3450	-30.9999	8100
0	1.5708	0
1.43	1.43	1.43
1	1	1	1
8.52346e-08 0 -1.43 0 0 1.43 0 0 1.43 0 8.52346e-08 0 3450 -30.9999 8100 1 9

1
3700	-30.9999	8250
0	-3.14159	0
1.43	1.43	1.43
1	1	1	1
-1.43 0 -1.25015e-07 0 0 1.43 0 0 1.25015e-07 0 -1.43 0 3700 -30.9999 8250 1 9

1
3950	-30.9999	8500
0	-1.5708	0
1.43	1.43	1.43
1	1	1	1
8.52346e-08 0 1.43 0 0 1.43 0 0 -1.43 0 8.52346e-08 0 3950 -30.9999 8500 1 9

1
3950	-30.9999	8900
0	-1.5708	0
1.43	1.43	1.43
1	1	1	1
8.52346e-08 0 1.43 0 0 1.43 0 0 -1.43 0 8.52346e-08 0 3950 -30.9999 8900 1 9

1
3950	-30.9999	9300
0	-1.5708	0
1.43	1.43	1.43
1	1	1	1
8.52346e-08 0 1.43 0 0 1.43 0 0 -1.43 0 8.52346e-08 0 3950 -30.9999 9300 1 9

1
3700	-30.9999	9350
0	0	0
1.43	1.43	1.43
1	1	1	1
1.43 0 0 0 0 1.43 0 0 0 0 1.43 0 3700 -30.9999 9350 1 9

1
3250	-30.9999	9500
0	1.5708	0
1.43	1.43	1.43
1	1	1	1
8.52346e-08 0 -1.43 0 0 1.43 0 0 1.43 0 8.52346e-08 0 3250 -30.9999 9500 1 9

1
3350	-30.9999	9500
0	1.5708	0
1.43	1.43	1.43
1	1	1	1
8.52346e-08 0 -1.43 0 0 1.43 0 0 1.43 0 8.52346e-08 0 3350 -30.9999 9500 1 9

1
3450	-30.9999	9500
0	1.5708	0
1.43	1.43	1.43
1	1	1	1
8.52346e-08 0 -1.43 0 0 1.43 0 0 1.43 0 8.52346e-08 0 3450 -30.9999 9500 1 9

1
5300	-30.9999	6750
0	-3.14159	0
1.43	1.43	1.43
1	1	1	1
-1.43 0 -1.25015e-07 0 0 1.43 0 0 1.25015e-07 0 -1.43 0 5300 -30.9999 6750 1 9

1
5700	-30.9999	6750
0	-3.14159	0
1.43	1.43	1.43
1	1	1	1
-1.43 0 -1.25015e-07 0 0 1.43 0 0 1.25015e-07 0 -1.43 0 5700 -30.9999 6750 1 9

1
6100	-30.9999	6750
0	-3.14159	0
1.43	1.43	1.43
1	1	1	1
-1.43 0 -1.25015e-07 0 0 1.43 0 0 1.25015e-07 0 -1.43 0 6100 -30.9999 6750 1 9

1
6500	-30.9999	6750
0	-3.14159	0
1.43	1.43	1.43
1	1	1	1
-1.43 0 -1.25015e-07 0 0 1.43 0 0 1.25015e-07 0 -1.43 0 6500 -30.9999 6750 1 9

1
6950	-30.9999	6700
0	-1.5708	0
1.43	1.43	1.43
1	1	1	1
8.52346e-08 0 1.43 0 0 1.43 0 0 -1.43 0 8.52346e-08 0 6950 -30.9999 6700 1 9

1
6850	-30.9999	6700
0	-1.5708	0
1.43	1.43	1.43
1	1	1	1
8.52346e-08 0 1.43 0 0 1.43 0 0 -1.43 0 8.52346e-08 0 6850 -30.9999 6700 1 9

1
6750	-30.9999	6900
0	1.5708	0
1.43	1.43	1.43
1	1	1	1
8.52346e-08 0 -1.43 0 0 1.43 0 0 1.43 0 8.52346e-08 0 6750 -30.9999 6900 1 9

1
6950	-30.9999	7100
0	1.5708	0
1.43	1.43	1.43
1	1	1	1
8.52346e-08 0 -1.43 0 0 1.43 0 0 1.43 0 8.52346e-08 0 6950 -30.9999 7100 1 9

1
7200	-30.9999	7050
0	-3.14159	0
1.43	1.43	1.43
1	1	1	1
-1.43 0 -1.25015e-07 0 0 1.43 0 0 1.25015e-07 0 -1.43 0 7200 -30.9999 7050 1 9

1
7600	-30.9999	7050
0	-3.14159	0
1.43	1.43	1.43
1	1	1	1
-1.43 0 -1.25015e-07 0 0 1.43 0 0 1.25015e-07 0 -1.43 0 7600 -30.9999 7050 1 9

1
7950	-30.9999	6700
0	-1.5708	0
1.43	1.43	1.43
1	1	1	1
8.52346e-08 0 1.43 0 0 1.43 0 0 -1.43 0 8.52346e-08 0 7950 -30.9999 6700 1 9

1
7950	-30.9999	7100
0	-1.5708	0
1.43	1.43	1.43
1	1	1	1
8.52346e-08 0 1.43 0 0 1.43 0 0 -1.43 0 8.52346e-08 0 7950 -30.9999 7100 1 9

1
7850	-30.9999	7200
0	-1.5708	0
1.43	1.43	1.43
1	1	1	1
8.52346e-08 0 1.43 0 0 1.43 0 0 -1.43 0 8.52346e-08 0 7850 -30.9999 7200 1 9

1
7950	-30.9999	7500
0	-1.5708	0
1.43	1.43	1.43
1	1	1	1
8.52346e-08 0 1.43 0 0 1.43 0 0 -1.43 0 8.52346e-08 0 7950 -30.9999 7500 1 9

1
7950	-30.9999	7900
0	-1.5708	0
1.43	1.43	1.43
1	1	1	1
8.52346e-08 0 1.43 0 0 1.43 0 0 -1.43 0 8.52346e-08 0 7950 -30.9999 7900 1 9

1
7800	-30.9999	8150
0	0	0
1.43	1.43	1.43
1	1	1	1
1.43 0 0 0 0 1.43 0 0 0 0 1.43 0 7800 -30.9999 8150 1 9

1
7800	-30.9999	8250
0	0	0
1.43	1.43	1.43
1	1	1	1
1.43 0 0 0 0 1.43 0 0 0 0 1.43 0 7800 -30.9999 8250 1 9

1
7800	-30.9999	8350
0	0	0
1.43	1.43	1.43
1	1	1	1
1.43 0 0 0 0 1.43 0 0 0 0 1.43 0 7800 -30.9999 8350 1 9

1
7400	-30.9999	8350
0	0	0
1.43	1.43	1.43
1	1	1	1
1.43 0 0 0 0 1.43 0 0 0 0 1.43 0 7400 -30.9999 8350 1 9

1
7000	-30.9999	8350
0	0	0
1.43	1.43	1.43
1	1	1	1
1.43 0 0 0 0 1.43 0 0 0 0 1.43 0 7000 -30.9999 8350 1 9

1
6600	-30.9999	8350
0	0	0
1.43	1.43	1.43
1	1	1	1
1.43 0 0 0 0 1.43 0 0 0 0 1.43 0 6600 -30.9999 8350 1 9

1
6200	-30.9999	8350
0	0	0
1.43	1.43	1.43
1	1	1	1
1.43 0 0 0 0 1.43 0 0 0 0 1.43 0 6200 -30.9999 8350 1 9

1
6150	-30.9999	8600
0	1.5708	0
1.43	1.43	1.43
1	1	1	1
8.52346e-08 0 -1.43 0 0 1.43 0 0 1.43 0 8.52346e-08 0 6150 -30.9999 8600 1 9

1
6000	-30.9999	8850
0	-3.14159	0
1.43	1.43	1.43
1	1	1	1
-1.43 0 -1.25015e-07 0 0 1.43 0 0 1.25015e-07 0 -1.43 0 6000 -30.9999 8850 1 9

1
5600	-30.9999	8850
0	-3.14159	0
1.43	1.43	1.43
1	1	1	1
-1.43 0 -1.25015e-07 0 0 1.43 0 0 1.25015e-07 0 -1.43 0 5600 -30.9999 8850 1 9

1
5200	-30.9999	8850
0	-3.14159	0
1.43	1.43	1.43
1	1	1	1
-1.43 0 -1.25015e-07 0 0 1.43 0 0 1.25015e-07 0 -1.43 0 5200 -30.9999 8850 1 9

1
4850	-30.9999	8700
0	-1.5708	0
1.43	1.43	1.43
1	1	1	1
8.52346e-08 0 1.43 0 0 1.43 0 0 -1.43 0 8.52346e-08 0 4850 -30.9999 8700 1 9

1
4950	-30.9999	8700
0	-1.5708	0
1.43	1.43	1.43
1	1	1	1
8.52346e-08 0 1.43 0 0 1.43 0 0 -1.43 0 8.52346e-08 0 4950 -30.9999 8700 1 9

1
4850	-30.9999	8300
0	-1.5708	0
1.43	1.43	1.43
1	1	1	1
8.52346e-08 0 1.43 0 0 1.43 0 0 -1.43 0 8.52346e-08 0 4850 -30.9999 8300 1 9

1
4850	-30.9999	7900
0	-1.5708	0
1.43	1.43	1.43
1	1	1	1
8.52346e-08 0 1.43 0 0 1.43 0 0 -1.43 0 8.52346e-08 0 4850 -30.9999 7900 1 9

1
4850	-30.9999	7500
0	-1.5708	0
1.43	1.43	1.43
1	1	1	1
8.52346e-08 0 1.43 0 0 1.43 0 0 -1.43 0 8.52346e-08 0 4850 -30.9999 7500 1 9

1
4850	-30.9999	7100
0	-1.5708	0
1.43	1.43	1.43
1	1	1	1
8.52346e-08 0 1.43 0 0 1.43 0 0 -1.43 0 8.52346e-08 0 4850 -30.9999 7100 1 9

1
4850	-30.9999	6700
0	-1.5708	0
1.43	1.43	1.43
1	1	1	1
8.52346e-08 0 1.43 0 0 1.43 0 0 -1.43 0 8.52346e-08 0 4850 -30.9999 6700 1 9

1
4850	-30.9999	6300
0	-1.5708	0
1.43	1.43	1.43
1	1	1	1
8.52346e-08 0 1.43 0 0 1.43 0 0 -1.43 0 8.52346e-08 0 4850 -30.9999 6300 1 9

1
4850	-30.9999	5900
0	-1.5708	0
1.43	1.43	1.43
1	1	1	1
8.52346e-08 0 1.43 0 0 1.43 0 0 -1.43 0 8.52346e-08 0 4850 -30.9999 5900 1 9

1
4600	-30.9999	5950
0	0	0
1.43	1.43	1.43
1	1	1	1
1.43 0 0 0 0 1.43 0 0 0 0 1.43 0 4600 -30.9999 5950 1 9

1
4200	-30.9999	5950
0	0	0
1.43	1.43	1.43
1	1	1	1
1.43 0 0 0 0 1.43 0 0 0 0 1.43 0 4200 -30.9999 5950 1 9

1
3800	-30.9999	5950
0	0	0
1.43	1.43	1.43
1	1	1	1
1.43 0 0 0 0 1.43 0 0 0 0 1.43 0 3800 -30.9999 5950 1 9

1
3400	-30.9999	5950
0	0	0
1.43	1.43	1.43
1	1	1	1
1.43 0 0 0 0 1.43 0 0 0 0 1.43 0 3400 -30.9999 5950 1 9

1
3000	-30.9999	5950
0	0	0
1.43	1.43	1.43
1	1	1	1
1.43 0 0 0 0 1.43 0 0 0 0 1.43 0 3000 -30.9999 5950 1 9

1
2600	-30.9999	5950
0	0	0
1.43	1.43	1.43
1	1	1	1
1.43 0 0 0 0 1.43 0 0 0 0 1.43 0 2600 -30.9999 5950 1 9

1
2650	-30.9999	6150
0	1.5708	0
1.43	1.43	1.43
1	1	1	1
8.52346e-08 0 -1.43 0 0 1.43 0 0 1.43 0 8.52346e-08 0 2650 -30.9999 6150 1 9

1
2650	-30.9999	6550
0	1.5708	0
1.43	1.43	1.43
1	1	1	1
8.52346e-08 0 -1.43 0 0 1.43 0 0 1.43 0 8.52346e-08 0 2650 -30.9999 6550 1 9

1
2650	-30.9999	6950
0	1.5708	0
1.43	1.43	1.43
1	1	1	1
8.52346e-08 0 -1.43 0 0 1.43 0 0 1.43 0 8.52346e-08 0 2650 -30.9999 6950 1 9

1
2900	-30.9999	7150
0	-3.14159	0
1.43	1.43	1.43
1	1	1	1
-1.43 0 -1.25015e-07 0 0 1.43 0 0 1.25015e-07 0 -1.43 0 2900 -30.9999 7150 1 9

1
3050	-30.9999	7400
0	-1.5708	0
1.43	1.43	1.43
1	1	1	1
8.52346e-08 0 1.43 0 0 1.43 0 0 -1.43 0 8.52346e-08 0 3050 -30.9999 7400 1 9

1
3050	-30.9999	7800
0	-1.5708	0
1.43	1.43	1.43
1	1	1	1
8.52346e-08 0 1.43 0 0 1.43 0 0 -1.43 0 8.52346e-08 0 3050 -30.9999 7800 1 9

1
3050	-30.9999	8200
0	-1.5708	0
1.43	1.43	1.43
1	1	1	1
8.52346e-08 0 1.43 0 0 1.43 0 0 -1.43 0 8.52346e-08 0 3050 -30.9999 8200 1 9

1
3050	-30.9999	8600
0	-1.5708	0
1.43	1.43	1.43
1	1	1	1
8.52346e-08 0 1.43 0 0 1.43 0 0 -1.43 0 8.52346e-08 0 3050 -30.9999 8600 1 9

1
3200	-30.9999	8650
0	0	0
1.43	1.43	1.43
1	1	1	1
1.43 0 0 0 0 1.43 0 0 0 0 1.43 0 3200 -30.9999 8650 1 9

1
3200	-30.9999	8950
0	-3.14159	0
1.43	1.43	1.43
1	1	1	1
-1.43 0 -1.25015e-07 0 0 1.43 0 0 1.25015e-07 0 -1.43 0 3200 -30.9999 8950 1 9

1
3200	-30.9999	8850
0	-3.14159	0
1.43	1.43	1.43
1	1	1	1
-1.43 0 -1.25015e-07 0 0 1.43 0 0 1.25015e-07 0 -1.43 0 3200 -30.9999 8850 1 9

1
3200	-30.9999	8750
0	-3.14159	0
1.43	1.43	1.43
1	1	1	1
-1.43 0 -1.25015e-07 0 0 1.43 0 0 1.25015e-07 0 -1.43 0 3200 -30.9999 8750 1 9

1
2750	-30.9999	9000
0	-1.5708	0
1.43	1.43	1.43
1	1	1	1
8.52346e-08 0 1.43 0 0 1.43 0 0 -1.43 0 8.52346e-08 0 2750 -30.9999 9000 1 9

1
2850	-30.9999	9000
0	-1.5708	0
1.43	1.43	1.43
1	1	1	1
8.52346e-08 0 1.43 0 0 1.43 0 0 -1.43 0 8.52346e-08 0 2850 -30.9999 9000 1 9

1
2950	-30.9999	8800
0	-1.5708	0
1.43	1.43	1.43
1	1	1	1
8.52346e-08 0 1.43 0 0 1.43 0 0 -1.43 0 8.52346e-08 0 2950 -30.9999 8800 1 9

1
2500	-30.9999	8850
0	0	0
1.43	1.43	1.43
1	1	1	1
1.43 0 0 0 0 1.43 0 0 0 0 1.43 0 2500 -30.9999 8850 1 9

1
3000	-30.9999	9550
0	0	0
1.43	1.43	1.43
1	1	1	1
1.43 0 0 0 0 1.43 0 0 0 0 1.43 0 3000 -30.9999 9550 1 9

1
2600	-30.9999	9550
0	0	0
1.43	1.43	1.43
1	1	1	1
1.43 0 0 0 0 1.43 0 0 0 0 1.43 0 2600 -30.9999 9550 1 9

1
2450	-30.9999	9300
0	1.5708	0
1.43	1.43	1.43
1	1	1	1
8.52346e-08 0 -1.43 0 0 1.43 0 0 1.43 0 8.52346e-08 0 2450 -30.9999 9300 1 9

1
2350	-30.9999	9300
0	1.5708	0
1.43	1.43	1.43
1	1	1	1
8.52346e-08 0 -1.43 0 0 1.43 0 0 1.43 0 8.52346e-08 0 2350 -30.9999 9300 1 9

1
2350	-30.9999	9700
0	1.5708	0
1.43	1.43	1.43
1	1	1	1
8.52346e-08 0 -1.43 0 0 1.43 0 0 1.43 0 8.52346e-08 0 2350 -30.9999 9700 1 9

1
2350	-30.9999	8600
0	1.5708	0
1.43	1.43	1.43
1	1	1	1
8.52346e-08 0 -1.43 0 0 1.43 0 0 1.43 0 8.52346e-08 0 2350 -30.9999 8600 1 9

1
2350	-30.9999	8200
0	1.5708	0
1.43	1.43	1.43
1	1	1	1
8.52346e-08 0 -1.43 0 0 1.43 0 0 1.43 0 8.52346e-08 0 2350 -30.9999 8200 1 9

1
2350	-30.9999	7800
0	1.5708	0
1.43	1.43	1.43
1	1	1	1
8.52346e-08 0 -1.43 0 0 1.43 0 0 1.43 0 8.52346e-08 0 2350 -30.9999 7800 1 9

1
2350	-30.9999	7400
0	1.5708	0
1.43	1.43	1.43
1	1	1	1
8.52346e-08 0 -1.43 0 0 1.43 0 0 1.43 0 8.52346e-08 0 2350 -30.9999 7400 1 9

1
2350	368	7400
0	1.5708	0
1.43	1.43	1.43
1	1	1	1
8.52346e-08 0 -1.43 0 0 1.43 0 0 1.43 0 8.52346e-08 0 2350 368 7400 1 9

1
2350	368	7800
0	1.5708	0
1.43	1.43	1.43
1	1	1	1
8.52346e-08 0 -1.43 0 0 1.43 0 0 1.43 0 8.52346e-08 0 2350 368 7800 1 9

1
2350	368	8200
0	1.5708	0
1.43	1.43	1.43
1	1	1	1
8.52346e-08 0 -1.43 0 0 1.43 0 0 1.43 0 8.52346e-08 0 2350 368 8200 1 9

1
2350	368	8600
0	1.5708	0
1.43	1.43	1.43
1	1	1	1
8.52346e-08 0 -1.43 0 0 1.43 0 0 1.43 0 8.52346e-08 0 2350 368 8600 1 9

1
2350	368	9300
0	1.5708	0
1.43	1.43	1.43
1	1	1	1
8.52346e-08 0 -1.43 0 0 1.43 0 0 1.43 0 8.52346e-08 0 2350 368 9300 1 9

1
2350	0	9900
0	0	0
50.18	50.18	50.18
1	1	1	1
50.18 0 0 0 0 50.18 0 0 0 0 50.18 0 2350 0 9900 1 7

1
100	0	7650
0	-1.5708	0
50.18	50.18	50.18
1	1	1	1
2.99096e-06 0 50.18 0 0 50.18 0 0 -50.18 0 2.99096e-06 0 100 0 7650 1 7

1
100	0	8150
0	-1.5708	0
50.18	50.18	50.18
1	1	1	1
2.99096e-06 0 50.18 0 0 50.18 0 0 -50.18 0 2.99096e-06 0 100 0 8150 1 7

1
100	0	8650
0	-1.5708	0
50.18	50.18	50.18
1	1	1	1
2.99096e-06 0 50.18 0 0 50.18 0 0 -50.18 0 2.99096e-06 0 100 0 8650 1 7

1
100	0	9150
0	-1.5708	0
50.18	50.18	50.18
1	1	1	1
2.99096e-06 0 50.18 0 0 50.18 0 0 -50.18 0 2.99096e-06 0 100 0 9150 1 7

1
100	0	9650
0	-1.5708	0
50.18	50.18	50.18
1	1	1	1
2.99096e-06 0 50.18 0 0 50.18 0 0 -50.18 0 2.99096e-06 0 100 0 9650 1 7

1
350	0	9900
0	0	0
50.18	50.18	50.18
1	1	1	1
50.18 0 0 0 0 50.18 0 0 0 0 50.18 0 350 0 9900 1 7

1
850	0	9900
0	0	0
50.18	50.18	50.18
1	1	1	1
50.18 0 0 0 0 50.18 0 0 0 0 50.18 0 850 0 9900 1 7

1
1350	0	9900
0	0	0
50.18	50.18	50.18
1	1	1	1
50.18 0 0 0 0 50.18 0 0 0 0 50.18 0 1350 0 9900 1 7

1
1850	0	9900
0	0	0
50.18	50.18	50.18
1	1	1	1
50.18 0 0 0 0 50.18 0 0 0 0 50.18 0 1850 0 9900 1 7

0
0	100	0
0	0	0
1	1	1
1	1	1	1
0 0 0 0 0 0 0 0 0 0 0 0 0 0 0 0 0

0
0	100	0
0	0	0
1	1	1
1	1	1	1
0 0 0 0 0 0 0 0 0 0 0 0 0 0 0 0 0

0
0	100	0
0	0	0
1	1	1
1	1	1	1
0 0 0 0 0 0 0 0 0 0 0 0 0 0 0 0 0

0
0	100	0
0	0	0
1	1	1
1	1	1	1
0 0 0 0 0 0 0 0 0 0 0 0 0 0 0 0 0

0
0	100	0
0	0	0
1	1	1
1	1	1	1
0 0 0 0 0 0 0 0 0 0 0 0 0 0 0 0 0

0
0	100	0
0	0	0
1	1	1
1	1	1	1
0 0 0 0 0 0 0 0 0 0 0 0 0 0 0 0 0

0
0	100	0
0	0	0
1	1	1
1	1	1	1
0 0 0 0 0 0 0 0 0 0 0 0 0 0 0 0 0

0
0	100	0
0	0	0
1	1	1
1	1	1	1
0 0 0 0 0 0 0 0 0 0 0 0 0 0 0 0 0

0
0	100	0
0	0	0
1	1	1
1	1	1	1
0 0 0 0 0 0 0 0 0 0 0 0 0 0 0 0 0

0
0	100	0
0	0	0
1	1	1
1	1	1	1
0 0 0 0 0 0 0 0 0 0 0 0 0 0 0 0 0

0
0	100	0
0	0	0
1	1	1
1	1	1	1
0 0 0 0 0 0 0 0 0 0 0 0 0 0 0 0 0

0
0	100	0
0	0	0
1	1	1
1	1	1	1
0 0 0 0 0 0 0 0 0 0 0 0 0 0 0 0 0

0
0	100	0
0	0	0
1	1	1
1	1	1	1
0 0 0 0 0 0 0 0 0 0 0 0 0 0 0 0 0

0
0	100	0
0	0	0
1	1	1
1	1	1	1
0 0 0 0 0 0 0 0 0 0 0 0 0 0 0 0 0

0
0	100	0
0	0	0
1	1	1
1	1	1	1
0 0 0 0 0 0 0 0 0 0 0 0 0 0 0 0 0

0
0	100	0
0	0	0
1	1	1
1	1	1	1
0 0 0 0 0 0 0 0 0 0 0 0 0 0 0 0 0

0
0	100	0
0	0	0
1	1	1
1	1	1	1
0 0 0 0 0 0 0 0 0 0 0 0 0 0 0 0 0

0
0	100	0
0	0	0
1	1	1
1	1	1	1
0 0 0 0 0 0 0 0 0 0 0 0 0 0 0 0 0

0
0	100	0
0	0	0
1	1	1
1	1	1	1
0 0 0 0 0 0 0 0 0 0 0 0 0 0 0 0 0

0
0	100	0
0	0	0
1	1	1
1	1	1	1
0 0 0 0 0 0 0 0 0 0 0 0 0 0 0 0 0

0
0	100	0
0	0	0
1	1	1
1	1	1	1
0 0 0 0 0 0 0 0 0 0 0 0 0 0 0 0 0

0
0	100	0
0	0	0
1	1	1
1	1	1	1
0 0 0 0 0 0 0 0 0 0 0 0 0 0 0 0 0

0
0	100	0
0	0	0
1	1	1
1	1	1	1
0 0 0 0 0 0 0 0 0 0 0 0 0 0 0 0 0

0
0	100	0
0	0	0
1	1	1
1	1	1	1
0 0 0 0 0 0 0 0 0 0 0 0 0 0 0 0 0

0
0	100	0
0	0	0
1	1	1
1	1	1	1
0 0 0 0 0 0 0 0 0 0 0 0 0 0 0 0 0

0
0	100	0
0	0	0
1	1	1
1	1	1	1
0 0 0 0 0 0 0 0 0 0 0 0 0 0 0 0 0

0
0	100	0
0	0	0
1	1	1
1	1	1	1
0 0 0 0 0 0 0 0 0 0 0 0 0 0 0 0 0

0
0	100	0
0	0	0
1	1	1
1	1	1	1
0 0 0 0 0 0 0 0 0 0 0 0 0 0 0 0 0

0
0	100	0
0	0	0
1	1	1
1	1	1	1
0 0 0 0 0 0 0 0 0 0 0 0 0 0 0 0 0

0
0	100	0
0	0	0
1	1	1
1	1	1	1
0 0 0 0 0 0 0 0 0 0 0 0 0 0 0 0 0

0
0	100	0
0	0	0
1	1	1
1	1	1	1
0 0 0 0 0 0 0 0 0 0 0 0 0 0 0 0 0

0
0	100	0
0	0	0
1	1	1
1	1	1	1
0 0 0 0 0 0 0 0 0 0 0 0 0 0 0 0 0

0
0	100	0
0	0	0
1	1	1
1	1	1	1
0 0 0 0 0 0 0 0 0 0 0 0 0 0 0 0 0

0
0	100	0
0	0	0
1	1	1
1	1	1	1
0 0 0 0 0 0 0 0 0 0 0 0 0 0 0 0 0

0
0	100	0
0	0	0
1	1	1
1	1	1	1
0 0 0 0 0 0 0 0 0 0 0 0 0 0 0 0 0

0
0	100	0
0	0	0
1	1	1
1	1	1	1
0 0 0 0 0 0 0 0 0 0 0 0 0 0 0 0 0

0
0	100	0
0	0	0
1	1	1
1	1	1	1
0 0 0 0 0 0 0 0 0 0 0 0 0 0 0 0 0

0
0	100	0
0	0	0
1	1	1
1	1	1	1
0 0 0 0 0 0 0 0 0 0 0 0 0 0 0 0 0

0
0	100	0
0	0	0
1	1	1
1	1	1	1
0 0 0 0 0 0 0 0 0 0 0 0 0 0 0 0 0

0
0	100	0
0	0	0
1	1	1
1	1	1	1
0 0 0 0 0 0 0 0 0 0 0 0 0 0 0 0 0

0
0	100	0
0	0	0
1	1	1
1	1	1	1
0 0 0 0 0 0 0 0 0 0 0 0 0 0 0 0 0

0
0	100	0
0	0	0
1	1	1
1	1	1	1
0 0 0 0 0 0 0 0 0 0 0 0 0 0 0 0 0

0
0	100	0
0	0	0
1	1	1
1	1	1	1
0 0 0 0 0 0 0 0 0 0 0 0 0 0 0 0 0

0
0	100	0
0	0	0
1	1	1
1	1	1	1
0 0 0 0 0 0 0 0 0 0 0 0 0 0 0 0 0

0
0	100	0
0	0	0
1	1	1
1	1	1	1
0 0 0 0 0 0 0 0 0 0 0 0 0 0 0 0 0

0
0	100	0
0	0	0
1	1	1
1	1	1	1
0 0 0 0 0 0 0 0 0 0 0 0 0 0 0 0 0

0
0	100	0
0	0	0
1	1	1
1	1	1	1
0 0 0 0 0 0 0 0 0 0 0 0 0 0 0 0 0

0
0	100	0
0	0	0
1	1	1
1	1	1	1
0 0 0 0 0 0 0 0 0 0 0 0 0 0 0 0 0

0
0	100	0
0	0	0
1	1	1
1	1	1	1
0 0 0 0 0 0 0 0 0 0 0 0 0 0 0 0 0

0
0	100	0
0	0	0
1	1	1
1	1	1	1
0 0 0 0 0 0 0 0 0 0 0 0 0 0 0 0 0

0
0	100	0
0	0	0
1	1	1
1	1	1	1
0 0 0 0 0 0 0 0 0 0 0 0 0 0 0 0 0

0
0	100	0
0	0	0
1	1	1
1	1	1	1
0 0 0 0 0 0 0 0 0 0 0 0 0 0 0 0 0

0
0	100	0
0	0	0
1	1	1
1	1	1	1
0 0 0 0 0 0 0 0 0 0 0 0 0 0 0 0 0

0
0	100	0
0	0	0
1	1	1
1	1	1	1
0 0 0 0 0 0 0 0 0 0 0 0 0 0 0 0 0

0
0	100	0
0	0	0
1	1	1
1	1	1	1
0 0 0 0 0 0 0 0 0 0 0 0 0 0 0 0 0

0
0	100	0
0	0	0
1	1	1
1	1	1	1
0 0 0 0 0 0 0 0 0 0 0 0 0 0 0 0 0

0
0	100	0
0	0	0
1	1	1
1	1	1	1
0 0 0 0 0 0 0 0 0 0 0 0 0 0 0 0 0

0
0	100	0
0	0	0
1	1	1
1	1	1	1
0 0 0 0 0 0 0 0 0 0 0 0 0 0 0 0 0

0
0	100	0
0	0	0
1	1	1
1	1	1	1
0 0 0 0 0 0 0 0 0 0 0 0 0 0 0 0 0

0
0	100	0
0	0	0
1	1	1
1	1	1	1
0 0 0 0 0 0 0 0 0 0 0 0 0 0 0 0 0

0
0	100	0
0	0	0
1	1	1
1	1	1	1
0 0 0 0 0 0 0 0 0 0 0 0 0 0 0 0 0

0
0	100	0
0	0	0
1	1	1
1	1	1	1
0 0 0 0 0 0 0 0 0 0 0 0 0 0 0 0 0

0
0	100	0
0	0	0
1	1	1
1	1	1	1
0 0 0 0 0 0 0 0 0 0 0 0 0 0 0 0 0

0
0	100	0
0	0	0
1	1	1
1	1	1	1
0 0 0 0 0 0 0 0 0 0 0 0 0 0 0 0 0

0
0	100	0
0	0	0
1	1	1
1	1	1	1
0 0 0 0 0 0 0 0 0 0 0 0 0 0 0 0 0

0
0	100	0
0	0	0
1	1	1
1	1	1	1
0 0 0 0 0 0 0 0 0 0 0 0 0 0 0 0 0

0
0	100	0
0	0	0
1	1	1
1	1	1	1
0 0 0 0 0 0 0 0 0 0 0 0 0 0 0 0 0

0
0	100	0
0	0	0
1	1	1
1	1	1	1
0 0 0 0 0 0 0 0 0 0 0 0 0 0 0 0 0

0
0	100	0
0	0	0
1	1	1
1	1	1	1
0 0 0 0 0 0 0 0 0 0 0 0 0 0 0 0 0

0
0	100	0
0	0	0
1	1	1
1	1	1	1
0 0 0 0 0 0 0 0 0 0 0 0 0 0 0 0 0

0
0	100	0
0	0	0
1	1	1
1	1	1	1
0 0 0 0 0 0 0 0 0 0 0 0 0 0 0 0 0

0
0	100	0
0	0	0
1	1	1
1	1	1	1
0 0 0 0 0 0 0 0 0 0 0 0 0 0 0 0 0

0
0	100	0
0	0	0
1	1	1
1	1	1	1
0 0 0 0 0 0 0 0 0 0 0 0 0 0 0 0 0

0
0	100	0
0	0	0
1	1	1
1	1	1	1
0 0 0 0 0 0 0 0 0 0 0 0 0 0 0 0 0

0
0	100	0
0	0	0
1	1	1
1	1	1	1
0 0 0 0 0 0 0 0 0 0 0 0 0 0 0 0 0

0
0	100	0
0	0	0
1	1	1
1	1	1	1
0 0 0 0 0 0 0 0 0 0 0 0 0 0 0 0 0

0
0	100	0
0	0	0
1	1	1
1	1	1	1
0 0 0 0 0 0 0 0 0 0 0 0 0 0 0 0 0

0
0	100	0
0	0	0
1	1	1
1	1	1	1
0 0 0 0 0 0 0 0 0 0 0 0 0 0 0 0 0

0
0	100	0
0	0	0
1	1	1
1	1	1	1
0 0 0 0 0 0 0 0 0 0 0 0 0 0 0 0 0

0
0	100	0
0	0	0
1	1	1
1	1	1	1
0 0 0 0 0 0 0 0 0 0 0 0 0 0 0 0 0

0
0	100	0
0	0	0
1	1	1
1	1	1	1
0 0 0 0 0 0 0 0 0 0 0 0 0 0 0 0 0

0
0	100	0
0	0	0
1	1	1
1	1	1	1
0 0 0 0 0 0 0 0 0 0 0 0 0 0 0 0 0

0
0	100	0
0	0	0
1	1	1
1	1	1	1
0 0 0 0 0 0 0 0 0 0 0 0 0 0 0 0 0

0
0	100	0
0	0	0
1	1	1
1	1	1	1
0 0 0 0 0 0 0 0 0 0 0 0 0 0 0 0 0

0
0	100	0
0	0	0
1	1	1
1	1	1	1
0 0 0 0 0 0 0 0 0 0 0 0 0 0 0 0 0

0
0	100	0
0	0	0
1	1	1
1	1	1	1
0 0 0 0 0 0 0 0 0 0 0 0 0 0 0 0 0

0
0	100	0
0	0	0
1	1	1
1	1	1	1
0 0 0 0 0 0 0 0 0 0 0 0 0 0 0 0 0

0
0	100	0
0	0	0
1	1	1
1	1	1	1
0 0 0 0 0 0 0 0 0 0 0 0 0 0 0 0 0

0
0	100	0
0	0	0
1	1	1
1	1	1	1
0 0 0 0 0 0 0 0 0 0 0 0 0 0 0 0 0

0
0	100	0
0	0	0
1	1	1
1	1	1	1
0 0 0 0 0 0 0 0 0 0 0 0 0 0 0 0 0

0
0	100	0
0	0	0
1	1	1
1	1	1	1
0 0 0 0 0 0 0 0 0 0 0 0 0 0 0 0 0

0
0	100	0
0	0	0
1	1	1
1	1	1	1
0 0 0 0 0 0 0 0 0 0 0 0 0 0 0 0 0

0
0	100	0
0	0	0
1	1	1
1	1	1	1
0 0 0 0 0 0 0 0 0 0 0 0 0 0 0 0 0

0
0	100	0
0	0	0
1	1	1
1	1	1	1
0 0 0 0 0 0 0 0 0 0 0 0 0 0 0 0 0

0
0	100	0
0	0	0
1	1	1
1	1	1	1
0 0 0 0 0 0 0 0 0 0 0 0 0 0 0 0 0

0
0	100	0
0	0	0
1	1	1
1	1	1	1
0 0 0 0 0 0 0 0 0 0 0 0 0 0 0 0 0

0
0	100	0
0	0	0
1	1	1
1	1	1	1
0 0 0 0 0 0 0 0 0 0 0 0 0 0 0 0 0

0
0	100	0
0	0	0
1	1	1
1	1	1	1
0 0 0 0 0 0 0 0 0 0 0 0 0 0 0 0 0

0
0	100	0
0	0	0
1	1	1
1	1	1	1
0 0 0 0 0 0 0 0 0 0 0 0 0 0 0 0 0

0
0	100	0
0	0	0
1	1	1
1	1	1	1
0 0 0 0 0 0 0 0 0 0 0 0 0 0 0 0 0

0
0	100	0
0	0	0
1	1	1
1	1	1	1
0 0 0 0 0 0 0 0 0 0 0 0 0 0 0 0 0

0
0	100	0
0	0	0
1	1	1
1	1	1	1
0 0 0 0 0 0 0 0 0 0 0 0 0 0 0 0 0

0
0	100	0
0	0	0
1	1	1
1	1	1	1
0 0 0 0 0 0 0 0 0 0 0 0 0 0 0 0 0

0
0	100	0
0	0	0
1	1	1
1	1	1	1
0 0 0 0 0 0 0 0 0 0 0 0 0 0 0 0 0

0
0	100	0
0	0	0
1	1	1
1	1	1	1
0 0 0 0 0 0 0 0 0 0 0 0 0 0 0 0 0

0
0	100	0
0	0	0
1	1	1
1	1	1	1
0 0 0 0 0 0 0 0 0 0 0 0 0 0 0 0 0

0
0	100	0
0	0	0
1	1	1
1	1	1	1
0 0 0 0 0 0 0 0 0 0 0 0 0 0 0 0 0

0
0	100	0
0	0	0
1	1	1
1	1	1	1
0 0 0 0 0 0 0 0 0 0 0 0 0 0 0 0 0

0
0	100	0
0	0	0
1	1	1
1	1	1	1
0 0 0 0 0 0 0 0 0 0 0 0 0 0 0 0 0

0
0	100	0
0	0	0
1	1	1
1	1	1	1
0 0 0 0 0 0 0 0 0 0 0 0 0 0 0 0 0

0
0	100	0
0	0	0
1	1	1
1	1	1	1
0 0 0 0 0 0 0 0 0 0 0 0 0 0 0 0 0

0
0	100	0
0	0	0
1	1	1
1	1	1	1
0 0 0 0 0 0 0 0 0 0 0 0 0 0 0 0 0

0
0	100	0
0	0	0
1	1	1
1	1	1	1
0 0 0 0 0 0 0 0 0 0 0 0 0 0 0 0 0

0
0	100	0
0	0	0
1	1	1
1	1	1	1
0 0 0 0 0 0 0 0 0 0 0 0 0 0 0 0 0

0
0	100	0
0	0	0
1	1	1
1	1	1	1
0 0 0 0 0 0 0 0 0 0 0 0 0 0 0 0 0

0
0	100	0
0	0	0
1	1	1
1	1	1	1
0 0 0 0 0 0 0 0 0 0 0 0 0 0 0 0 0

0
0	100	0
0	0	0
1	1	1
1	1	1	1
0 0 0 0 0 0 0 0 0 0 0 0 0 0 0 0 0

0
0	100	0
0	0	0
1	1	1
1	1	1	1
0 0 0 0 0 0 0 0 0 0 0 0 0 0 0 0 0

0
0	100	0
0	0	0
1	1	1
1	1	1	1
0 0 0 0 0 0 0 0 0 0 0 0 0 0 0 0 0

0
0	100	0
0	0	0
1	1	1
1	1	1	1
0 0 0 0 0 0 0 0 0 0 0 0 0 0 0 0 0

0
0	100	0
0	0	0
1	1	1
1	1	1	1
0 0 0 0 0 0 0 0 0 0 0 0 0 0 0 0 0

0
0	100	0
0	0	0
1	1	1
1	1	1	1
0 0 0 0 0 0 0 0 0 0 0 0 0 0 0 0 0

0
0	100	0
0	0	0
1	1	1
1	1	1	1
0 0 0 0 0 0 0 0 0 0 0 0 0 0 0 0 0

0
0	100	0
0	0	0
1	1	1
1	1	1	1
0 0 0 0 0 0 0 0 0 0 0 0 0 0 0 0 0

0
0	100	0
0	0	0
1	1	1
1	1	1	1
0 0 0 0 0 0 0 0 0 0 0 0 0 0 0 0 0

0
0	100	0
0	0	0
1	1	1
1	1	1	1
0 0 0 0 0 0 0 0 0 0 0 0 0 0 0 0 0

0
0	100	0
0	0	0
1	1	1
1	1	1	1
0 0 0 0 0 0 0 0 0 0 0 0 0 0 0 0 0

0
0	100	0
0	0	0
1	1	1
1	1	1	1
0 0 0 0 0 0 0 0 0 0 0 0 0 0 0 0 0

0
0	100	0
0	0	0
1	1	1
1	1	1	1
0 0 0 0 0 0 0 0 0 0 0 0 0 0 0 0 0

0
0	100	0
0	0	0
1	1	1
1	1	1	1
0 0 0 0 0 0 0 0 0 0 0 0 0 0 0 0 0

0
0	100	0
0	0	0
1	1	1
1	1	1	1
0 0 0 0 0 0 0 0 0 0 0 0 0 0 0 0 0

0
0	100	0
0	0	0
1	1	1
1	1	1	1
0 0 0 0 0 0 0 0 0 0 0 0 0 0 0 0 0

0
0	100	0
0	0	0
1	1	1
1	1	1	1
0 0 0 0 0 0 0 0 0 0 0 0 0 0 0 0 0

0
0	100	0
0	0	0
1	1	1
1	1	1	1
0 0 0 0 0 0 0 0 0 0 0 0 0 0 0 0 0

0
0	100	0
0	0	0
1	1	1
1	1	1	1
0 0 0 0 0 0 0 0 0 0 0 0 0 0 0 0 0

0
0	100	0
0	0	0
1	1	1
1	1	1	1
0 0 0 0 0 0 0 0 0 0 0 0 0 0 0 0 0

0
0	100	0
0	0	0
1	1	1
1	1	1	1
0 0 0 0 0 0 0 0 0 0 0 0 0 0 0 0 0

0
0	100	0
0	0	0
1	1	1
1	1	1	1
0 0 0 0 0 0 0 0 0 0 0 0 0 0 0 0 0

0
0	100	0
0	0	0
1	1	1
1	1	1	1
0 0 0 0 0 0 0 0 0 0 0 0 0 0 0 0 0

0
0	100	0
0	0	0
1	1	1
1	1	1	1
0 0 0 0 0 0 0 0 0 0 0 0 0 0 0 0 0

0
0	100	0
0	0	0
1	1	1
1	1	1	1
0 0 0 0 0 0 0 0 0 0 0 0 0 0 0 0 0

0
0	100	0
0	0	0
1	1	1
1	1	1	1
0 0 0 0 0 0 0 0 0 0 0 0 0 0 0 0 0

0
0	100	0
0	0	0
1	1	1
1	1	1	1
0 0 0 0 0 0 0 0 0 0 0 0 0 0 0 0 0

0
0	100	0
0	0	0
1	1	1
1	1	1	1
0 0 0 0 0 0 0 0 0 0 0 0 0 0 0 0 0

0
0	100	0
0	0	0
1	1	1
1	1	1	1
0 0 0 0 0 0 0 0 0 0 0 0 0 0 0 0 0

0
0	100	0
0	0	0
1	1	1
1	1	1	1
0 0 0 0 0 0 0 0 0 0 0 0 0 0 0 0 0

0
0	100	0
0	0	0
1	1	1
1	1	1	1
0 0 0 0 0 0 0 0 0 0 0 0 0 0 0 0 0

0
0	100	0
0	0	0
1	1	1
1	1	1	1
0 0 0 0 0 0 0 0 0 0 0 0 0 0 0 0 0

0
0	100	0
0	0	0
1	1	1
1	1	1	1
0 0 0 0 0 0 0 0 0 0 0 0 0 0 0 0 0

0
0	100	0
0	0	0
1	1	1
1	1	1	1
0 0 0 0 0 0 0 0 0 0 0 0 0 0 0 0 0

0
0	100	0
0	0	0
1	1	1
1	1	1	1
0 0 0 0 0 0 0 0 0 0 0 0 0 0 0 0 0

0
0	100	0
0	0	0
1	1	1
1	1	1	1
0 0 0 0 0 0 0 0 0 0 0 0 0 0 0 0 0

0
0	100	0
0	0	0
1	1	1
1	1	1	1
0 0 0 0 0 0 0 0 0 0 0 0 0 0 0 0 0

0
0	100	0
0	0	0
1	1	1
1	1	1	1
0 0 0 0 0 0 0 0 0 0 0 0 0 0 0 0 0

0
0	100	0
0	0	0
1	1	1
1	1	1	1
0 0 0 0 0 0 0 0 0 0 0 0 0 0 0 0 0

0
0	100	0
0	0	0
1	1	1
1	1	1	1
0 0 0 0 0 0 0 0 0 0 0 0 0 0 0 0 0

0
0	100	0
0	0	0
1	1	1
1	1	1	1
0 0 0 0 0 0 0 0 0 0 0 0 0 0 0 0 0

0
0	100	0
0	0	0
1	1	1
1	1	1	1
0 0 0 0 0 0 0 0 0 0 0 0 0 0 0 0 0

0
0	100	0
0	0	0
1	1	1
1	1	1	1
0 0 0 0 0 0 0 0 0 0 0 0 0 0 0 0 0

0
0	100	0
0	0	0
1	1	1
1	1	1	1
0 0 0 0 0 0 0 0 0 0 0 0 0 0 0 0 0

0
0	100	0
0	0	0
1	1	1
1	1	1	1
0 0 0 0 0 0 0 0 0 0 0 0 0 0 0 0 0

0
0	100	0
0	0	0
1	1	1
1	1	1	1
0 0 0 0 0 0 0 0 0 0 0 0 0 0 0 0 0

0
0	100	0
0	0	0
1	1	1
1	1	1	1
0 0 0 0 0 0 0 0 0 0 0 0 0 0 0 0 0

0
0	100	0
0	0	0
1	1	1
1	1	1	1
0 0 0 0 0 0 0 0 0 0 0 0 0 0 0 0 0

0
0	100	0
0	0	0
1	1	1
1	1	1	1
0 0 0 0 0 0 0 0 0 0 0 0 0 0 0 0 0

0
0	100	0
0	0	0
1	1	1
1	1	1	1
0 0 0 0 0 0 0 0 0 0 0 0 0 0 0 0 0

0
0	100	0
0	0	0
1	1	1
1	1	1	1
0 0 0 0 0 0 0 0 0 0 0 0 0 0 0 0 0

0
0	100	0
0	0	0
1	1	1
1	1	1	1
0 0 0 0 0 0 0 0 0 0 0 0 0 0 0 0 0

0
0	100	0
0	0	0
1	1	1
1	1	1	1
0 0 0 0 0 0 0 0 0 0 0 0 0 0 0 0 0

0
0	100	0
0	0	0
1	1	1
1	1	1	1
0 0 0 0 0 0 0 0 0 0 0 0 0 0 0 0 0

0
0	100	0
0	0	0
1	1	1
1	1	1	1
0 0 0 0 0 0 0 0 0 0 0 0 0 0 0 0 0

0
0	100	0
0	0	0
1	1	1
1	1	1	1
0 0 0 0 0 0 0 0 0 0 0 0 0 0 0 0 0

0
0	100	0
0	0	0
1	1	1
1	1	1	1
0 0 0 0 0 0 0 0 0 0 0 0 0 0 0 0 0

0
0	100	0
0	0	0
1	1	1
1	1	1	1
0 0 0 0 0 0 0 0 0 0 0 0 0 0 0 0 0

0
0	100	0
0	0	0
1	1	1
1	1	1	1
0 0 0 0 0 0 0 0 0 0 0 0 0 0 0 0 0

0
0	100	0
0	0	0
1	1	1
1	1	1	1
0 0 0 0 0 0 0 0 0 0 0 0 0 0 0 0 0

0
0	100	0
0	0	0
1	1	1
1	1	1	1
0 0 0 0 0 0 0 0 0 0 0 0 0 0 0 0 0

0
0	100	0
0	0	0
1	1	1
1	1	1	1
0 0 0 0 0 0 0 0 0 0 0 0 0 0 0 0 0

0
0	100	0
0	0	0
1	1	1
1	1	1	1
0 0 0 0 0 0 0 0 0 0 0 0 0 0 0 0 0

0
0	100	0
0	0	0
1	1	1
1	1	1	1
0 0 0 0 0 0 0 0 0 0 0 0 0 0 0 0 0

0
0	100	0
0	0	0
1	1	1
1	1	1	1
0 0 0 0 0 0 0 0 0 0 0 0 0 0 0 0 0

0
0	100	0
0	0	0
1	1	1
1	1	1	1
0 0 0 0 0 0 0 0 0 0 0 0 0 0 0 0 0

0
0	100	0
0	0	0
1	1	1
1	1	1	1
0 0 0 0 0 0 0 0 0 0 0 0 0 0 0 0 0

0
0	100	0
0	0	0
1	1	1
1	1	1	1
0 0 0 0 0 0 0 0 0 0 0 0 0 0 0 0 0

0
0	100	0
0	0	0
1	1	1
1	1	1	1
0 0 0 0 0 0 0 0 0 0 0 0 0 0 0 0 0

0
0	100	0
0	0	0
1	1	1
1	1	1	1
0 0 0 0 0 0 0 0 0 0 0 0 0 0 0 0 0

0
0	100	0
0	0	0
1	1	1
1	1	1	1
0 0 0 0 0 0 0 0 0 0 0 0 0 0 0 0 0

0
0	100	0
0	0	0
1	1	1
1	1	1	1
0 0 0 0 0 0 0 0 0 0 0 0 0 0 0 0 0

0
0	100	0
0	0	0
1	1	1
1	1	1	1
0 0 0 0 0 0 0 0 0 0 0 0 0 0 0 0 0

0
0	100	0
0	0	0
1	1	1
1	1	1	1
0 0 0 0 0 0 0 0 0 0 0 0 0 0 0 0 0

0
0	100	0
0	0	0
1	1	1
1	1	1	1
0 0 0 0 0 0 0 0 0 0 0 0 0 0 0 0 0

0
0	100	0
0	0	0
1	1	1
1	1	1	1
0 0 0 0 0 0 0 0 0 0 0 0 0 0 0 0 0

0
0	100	0
0	0	0
1	1	1
1	1	1	1
0 0 0 0 0 0 0 0 0 0 0 0 0 0 0 0 0

0
0	100	0
0	0	0
1	1	1
1	1	1	1
0 0 0 0 0 0 0 0 0 0 0 0 0 0 0 0 0

0
0	100	0
0	0	0
1	1	1
1	1	1	1
0 0 0 0 0 0 0 0 0 0 0 0 0 0 0 0 0

0
0	100	0
0	0	0
1	1	1
1	1	1	1
0 0 0 0 0 0 0 0 0 0 0 0 0 0 0 0 0

0
0	100	0
0	0	0
1	1	1
1	1	1	1
0 0 0 0 0 0 0 0 0 0 0 0 0 0 0 0 0

0
0	100	0
0	0	0
1	1	1
1	1	1	1
0 0 0 0 0 0 0 0 0 0 0 0 0 0 0 0 0

0
0	100	0
0	0	0
1	1	1
1	1	1	1
0 0 0 0 0 0 0 0 0 0 0 0 0 0 0 0 0

0
0	100	0
0	0	0
1	1	1
1	1	1	1
0 0 0 0 0 0 0 0 0 0 0 0 0 0 0 0 0

0
0	100	0
0	0	0
1	1	1
1	1	1	1
0 0 0 0 0 0 0 0 0 0 0 0 0 0 0 0 0

0
0	100	0
0	0	0
1	1	1
1	1	1	1
0 0 0 0 0 0 0 0 0 0 0 0 0 0 0 0 0

0
0	100	0
0	0	0
1	1	1
1	1	1	1
0 0 0 0 0 0 0 0 0 0 0 0 0 0 0 0 0

0
0	100	0
0	0	0
1	1	1
1	1	1	1
0 0 0 0 0 0 0 0 0 0 0 0 0 0 0 0 0

0
0	100	0
0	0	0
1	1	1
1	1	1	1
0 0 0 0 0 0 0 0 0 0 0 0 0 0 0 0 0

0
0	100	0
0	0	0
1	1	1
1	1	1	1
0 0 0 0 0 0 0 0 0 0 0 0 0 0 0 0 0

0
0	100	0
0	0	0
1	1	1
1	1	1	1
0 0 0 0 0 0 0 0 0 0 0 0 0 0 0 0 0

0
0	100	0
0	0	0
1	1	1
1	1	1	1
0 0 0 0 0 0 0 0 0 0 0 0 0 0 0 0 0

0
0	100	0
0	0	0
1	1	1
1	1	1	1
0 0 0 0 0 0 0 0 0 0 0 0 0 0 0 0 0

0
0	100	0
0	0	0
1	1	1
1	1	1	1
0 0 0 0 0 0 0 0 0 0 0 0 0 0 0 0 0

0
0	100	0
0	0	0
1	1	1
1	1	1	1
0 0 0 0 0 0 0 0 0 0 0 0 0 0 0 0 0

0
0	100	0
0	0	0
1	1	1
1	1	1	1
0 0 0 0 0 0 0 0 0 0 0 0 0 0 0 0 0

0
0	100	0
0	0	0
1	1	1
1	1	1	1
0 0 0 0 0 0 0 0 0 0 0 0 0 0 0 0 0

0
0	100	0
0	0	0
1	1	1
1	1	1	1
0 0 0 0 0 0 0 0 0 0 0 0 0 0 0 0 0

0
0	100	0
0	0	0
1	1	1
1	1	1	1
0 0 0 0 0 0 0 0 0 0 0 0 0 0 0 0 0

0
0	100	0
0	0	0
1	1	1
1	1	1	1
0 0 0 0 0 0 0 0 0 0 0 0 0 0 0 0 0

0
0	100	0
0	0	0
1	1	1
1	1	1	1
0 0 0 0 0 0 0 0 0 0 0 0 0 0 0 0 0

0
0	100	0
0	0	0
1	1	1
1	1	1	1
0 0 0 0 0 0 0 0 0 0 0 0 0 0 0 0 0

0
0	100	0
0	0	0
1	1	1
1	1	1	1
0 0 0 0 0 0 0 0 0 0 0 0 0 0 0 0 0

0
0	100	0
0	0	0
1	1	1
1	1	1	1
0 0 0 0 0 0 0 0 0 0 0 0 0 0 0 0 0

0
0	100	0
0	0	0
1	1	1
1	1	1	1
0 0 0 0 0 0 0 0 0 0 0 0 0 0 0 0 0

0
0	100	0
0	0	0
1	1	1
1	1	1	1
0 0 0 0 0 0 0 0 0 0 0 0 0 0 0 0 0

0
0	100	0
0	0	0
1	1	1
1	1	1	1
0 0 0 0 0 0 0 0 0 0 0 0 0 0 0 0 0

0
0	100	0
0	0	0
1	1	1
1	1	1	1
0 0 0 0 0 0 0 0 0 0 0 0 0 0 0 0 0

0
0	100	0
0	0	0
1	1	1
1	1	1	1
0 0 0 0 0 0 0 0 0 0 0 0 0 0 0 0 0

0
0	100	0
0	0	0
1	1	1
1	1	1	1
0 0 0 0 0 0 0 0 0 0 0 0 0 0 0 0 0

0
0	100	0
0	0	0
1	1	1
1	1	1	1
0 0 0 0 0 0 0 0 0 0 0 0 0 0 0 0 0

0
0	100	0
0	0	0
1	1	1
1	1	1	1
0 0 0 0 0 0 0 0 0 0 0 0 0 0 0 0 0

0
0	100	0
0	0	0
1	1	1
1	1	1	1
0 0 0 0 0 0 0 0 0 0 0 0 0 0 0 0 0

0
0	100	0
0	0	0
1	1	1
1	1	1	1
0 0 0 0 0 0 0 0 0 0 0 0 0 0 0 0 0

0
0	100	0
0	0	0
1	1	1
1	1	1	1
0 0 0 0 0 0 0 0 0 0 0 0 0 0 0 0 0

0
0	100	0
0	0	0
1	1	1
1	1	1	1
0 0 0 0 0 0 0 0 0 0 0 0 0 0 0 0 0

0
0	100	0
0	0	0
1	1	1
1	1	1	1
0 0 0 0 0 0 0 0 0 0 0 0 0 0 0 0 0

0
0	100	0
0	0	0
1	1	1
1	1	1	1
0 0 0 0 0 0 0 0 0 0 0 0 0 0 0 0 0

0
0	100	0
0	0	0
1	1	1
1	1	1	1
0 0 0 0 0 0 0 0 0 0 0 0 0 0 0 0 0

0
0	100	0
0	0	0
1	1	1
1	1	1	1
0 0 0 0 0 0 0 0 0 0 0 0 0 0 0 0 0

0
0	100	0
0	0	0
1	1	1
1	1	1	1
0 0 0 0 0 0 0 0 0 0 0 0 0 0 0 0 0

0
0	100	0
0	0	0
1	1	1
1	1	1	1
0 0 0 0 0 0 0 0 0 0 0 0 0 0 0 0 0

0
0	100	0
0	0	0
1	1	1
1	1	1	1
0 0 0 0 0 0 0 0 0 0 0 0 0 0 0 0 0

0
0	100	0
0	0	0
1	1	1
1	1	1	1
0 0 0 0 0 0 0 0 0 0 0 0 0 0 0 0 0

0
0	100	0
0	0	0
1	1	1
1	1	1	1
0 0 0 0 0 0 0 0 0 0 0 0 0 0 0 0 0

0
0	100	0
0	0	0
1	1	1
1	1	1	1
0 0 0 0 0 0 0 0 0 0 0 0 0 0 0 0 0

0
0	100	0
0	0	0
1	1	1
1	1	1	1
0 0 0 0 0 0 0 0 0 0 0 0 0 0 0 0 0

0
0	100	0
0	0	0
1	1	1
1	1	1	1
0 0 0 0 0 0 0 0 0 0 0 0 0 0 0 0 0

0
0	100	0
0	0	0
1	1	1
1	1	1	1
0 0 0 0 0 0 0 0 0 0 0 0 0 0 0 0 0

0
0	100	0
0	0	0
1	1	1
1	1	1	1
0 0 0 0 0 0 0 0 0 0 0 0 0 0 0 0 0

0
0	100	0
0	0	0
1	1	1
1	1	1	1
0 0 0 0 0 0 0 0 0 0 0 0 0 0 0 0 0

0
0	100	0
0	0	0
1	1	1
1	1	1	1
0 0 0 0 0 0 0 0 0 0 0 0 0 0 0 0 0

0
0	100	0
0	0	0
1	1	1
1	1	1	1
0 0 0 0 0 0 0 0 0 0 0 0 0 0 0 0 0

0
0	100	0
0	0	0
1	1	1
1	1	1	1
0 0 0 0 0 0 0 0 0 0 0 0 0 0 0 0 0

0
0	100	0
0	0	0
1	1	1
1	1	1	1
0 0 0 0 0 0 0 0 0 0 0 0 0 0 0 0 0

0
0	100	0
0	0	0
1	1	1
1	1	1	1
0 0 0 0 0 0 0 0 0 0 0 0 0 0 0 0 0

0
0	100	0
0	0	0
1	1	1
1	1	1	1
0 0 0 0 0 0 0 0 0 0 0 0 0 0 0 0 0

0
0	100	0
0	0	0
1	1	1
1	1	1	1
0 0 0 0 0 0 0 0 0 0 0 0 0 0 0 0 0

0
0	100	0
0	0	0
1	1	1
1	1	1	1
0 0 0 0 0 0 0 0 0 0 0 0 0 0 0 0 0

0
0	100	0
0	0	0
1	1	1
1	1	1	1
0 0 0 0 0 0 0 0 0 0 0 0 0 0 0 0 0

0
0	100	0
0	0	0
1	1	1
1	1	1	1
0 0 0 0 0 0 0 0 0 0 0 0 0 0 0 0 0

0
0	100	0
0	0	0
1	1	1
1	1	1	1
0 0 0 0 0 0 0 0 0 0 0 0 0 0 0 0 0

0
0	100	0
0	0	0
1	1	1
1	1	1	1
0 0 0 0 0 0 0 0 0 0 0 0 0 0 0 0 0

0
0	100	0
0	0	0
1	1	1
1	1	1	1
0 0 0 0 0 0 0 0 0 0 0 0 0 0 0 0 0

0
0	100	0
0	0	0
1	1	1
1	1	1	1
0 0 0 0 0 0 0 0 0 0 0 0 0 0 0 0 0

0
0	100	0
0	0	0
1	1	1
1	1	1	1
0 0 0 0 0 0 0 0 0 0 0 0 0 0 0 0 0

0
0	100	0
0	0	0
1	1	1
1	1	1	1
0 0 0 0 0 0 0 0 0 0 0 0 0 0 0 0 0

0
0	100	0
0	0	0
1	1	1
1	1	1	1
0 0 0 0 0 0 0 0 0 0 0 0 0 0 0 0 0

0
0	100	0
0	0	0
1	1	1
1	1	1	1
0 0 0 0 0 0 0 0 0 0 0 0 0 0 0 0 0

0
0	100	0
0	0	0
1	1	1
1	1	1	1
0 0 0 0 0 0 0 0 0 0 0 0 0 0 0 0 0

0
0	100	0
0	0	0
1	1	1
1	1	1	1
0 0 0 0 0 0 0 0 0 0 0 0 0 0 0 0 0

0
0	100	0
0	0	0
1	1	1
1	1	1	1
0 0 0 0 0 0 0 0 0 0 0 0 0 0 0 0 0

0
0	100	0
0	0	0
1	1	1
1	1	1	1
0 0 0 0 0 0 0 0 0 0 0 0 0 0 0 0 0

0
0	100	0
0	0	0
1	1	1
1	1	1	1
0 0 0 0 0 0 0 0 0 0 0 0 0 0 0 0 0

0
0	100	0
0	0	0
1	1	1
1	1	1	1
0 0 0 0 0 0 0 0 0 0 0 0 0 0 0 0 0

0
0	100	0
0	0	0
1	1	1
1	1	1	1
0 0 0 0 0 0 0 0 0 0 0 0 0 0 0 0 0

0
0	100	0
0	0	0
1	1	1
1	1	1	1
0 0 0 0 0 0 0 0 0 0 0 0 0 0 0 0 0

0
0	100	0
0	0	0
1	1	1
1	1	1	1
0 0 0 0 0 0 0 0 0 0 0 0 0 0 0 0 0

0
0	100	0
0	0	0
1	1	1
1	1	1	1
0 0 0 0 0 0 0 0 0 0 0 0 0 0 0 0 0

0
0	100	0
0	0	0
1	1	1
1	1	1	1
0 0 0 0 0 0 0 0 0 0 0 0 0 0 0 0 0

0
0	100	0
0	0	0
1	1	1
1	1	1	1
0 0 0 0 0 0 0 0 0 0 0 0 0 0 0 0 0

0
0	100	0
0	0	0
1	1	1
1	1	1	1
0 0 0 0 0 0 0 0 0 0 0 0 0 0 0 0 0

0
0	100	0
0	0	0
1	1	1
1	1	1	1
0 0 0 0 0 0 0 0 0 0 0 0 0 0 0 0 0

0
0	100	0
0	0	0
1	1	1
1	1	1	1
0 0 0 0 0 0 0 0 0 0 0 0 0 0 0 0 0

0
0	100	0
0	0	0
1	1	1
1	1	1	1
0 0 0 0 0 0 0 0 0 0 0 0 0 0 0 0 0

0
0	100	0
0	0	0
1	1	1
1	1	1	1
0 0 0 0 0 0 0 0 0 0 0 0 0 0 0 0 0

0
0	100	0
0	0	0
1	1	1
1	1	1	1
0 0 0 0 0 0 0 0 0 0 0 0 0 0 0 0 0

0
0	100	0
0	0	0
1	1	1
1	1	1	1
0 0 0 0 0 0 0 0 0 0 0 0 0 0 0 0 0

0
0	100	0
0	0	0
1	1	1
1	1	1	1
0 0 0 0 0 0 0 0 0 0 0 0 0 0 0 0 0

0
0	100	0
0	0	0
1	1	1
1	1	1	1
0 0 0 0 0 0 0 0 0 0 0 0 0 0 0 0 0

0
0	100	0
0	0	0
1	1	1
1	1	1	1
0 0 0 0 0 0 0 0 0 0 0 0 0 0 0 0 0

0
0	100	0
0	0	0
1	1	1
1	1	1	1
0 0 0 0 0 0 0 0 0 0 0 0 0 0 0 0 0

0
0	100	0
0	0	0
1	1	1
1	1	1	1
0 0 0 0 0 0 0 0 0 0 0 0 0 0 0 0 0

0
0	100	0
0	0	0
1	1	1
1	1	1	1
0 0 0 0 0 0 0 0 0 0 0 0 0 0 0 0 0

0
0	100	0
0	0	0
1	1	1
1	1	1	1
0 0 0 0 0 0 0 0 0 0 0 0 0 0 0 0 0

0
0	100	0
0	0	0
1	1	1
1	1	1	1
0 0 0 0 0 0 0 0 0 0 0 0 0 0 0 0 0

0
0	100	0
0	0	0
1	1	1
1	1	1	1
0 0 0 0 0 0 0 0 0 0 0 0 0 0 0 0 0

0
0	100	0
0	0	0
1	1	1
1	1	1	1
0 0 0 0 0 0 0 0 0 0 0 0 0 0 0 0 0

0
0	100	0
0	0	0
1	1	1
1	1	1	1
0 0 0 0 0 0 0 0 0 0 0 0 0 0 0 0 0

0
0	100	0
0	0	0
1	1	1
1	1	1	1
0 0 0 0 0 0 0 0 0 0 0 0 0 0 0 0 0

0
0	100	0
0	0	0
1	1	1
1	1	1	1
0 0 0 0 0 0 0 0 0 0 0 0 0 0 0 0 0

0
0	100	0
0	0	0
1	1	1
1	1	1	1
0 0 0 0 0 0 0 0 0 0 0 0 0 0 0 0 0

0
0	100	0
0	0	0
1	1	1
1	1	1	1
0 0 0 0 0 0 0 0 0 0 0 0 0 0 0 0 0

0
0	100	0
0	0	0
1	1	1
1	1	1	1
0 0 0 0 0 0 0 0 0 0 0 0 0 0 0 0 0

0
0	100	0
0	0	0
1	1	1
1	1	1	1
0 0 0 0 0 0 0 0 0 0 0 0 0 0 0 0 0

0
0	100	0
0	0	0
1	1	1
1	1	1	1
0 0 0 0 0 0 0 0 0 0 0 0 0 0 0 0 0

0
0	100	0
0	0	0
1	1	1
1	1	1	1
0 0 0 0 0 0 0 0 0 0 0 0 0 0 0 0 0

0
0	100	0
0	0	0
1	1	1
1	1	1	1
0 0 0 0 0 0 0 0 0 0 0 0 0 0 0 0 0

0
0	100	0
0	0	0
1	1	1
1	1	1	1
0 0 0 0 0 0 0 0 0 0 0 0 0 0 0 0 0

0
0	100	0
0	0	0
1	1	1
1	1	1	1
0 0 0 0 0 0 0 0 0 0 0 0 0 0 0 0 0

0
0	100	0
0	0	0
1	1	1
1	1	1	1
0 0 0 0 0 0 0 0 0 0 0 0 0 0 0 0 0

0
0	100	0
0	0	0
1	1	1
1	1	1	1
0 0 0 0 0 0 0 0 0 0 0 0 0 0 0 0 0

0
0	100	0
0	0	0
1	1	1
1	1	1	1
0 0 0 0 0 0 0 0 0 0 0 0 0 0 0 0 0

0
0	100	0
0	0	0
1	1	1
1	1	1	1
0 0 0 0 0 0 0 0 0 0 0 0 0 0 0 0 0

0
0	100	0
0	0	0
1	1	1
1	1	1	1
0 0 0 0 0 0 0 0 0 0 0 0 0 0 0 0 0

0
0	100	0
0	0	0
1	1	1
1	1	1	1
0 0 0 0 0 0 0 0 0 0 0 0 0 0 0 0 0

0
0	100	0
0	0	0
1	1	1
1	1	1	1
0 0 0 0 0 0 0 0 0 0 0 0 0 0 0 0 0

0
0	100	0
0	0	0
1	1	1
1	1	1	1
0 0 0 0 0 0 0 0 0 0 0 0 0 0 0 0 0

0
0	100	0
0	0	0
1	1	1
1	1	1	1
0 0 0 0 0 0 0 0 0 0 0 0 0 0 0 0 0

0
0	100	0
0	0	0
1	1	1
1	1	1	1
0 0 0 0 0 0 0 0 0 0 0 0 0 0 0 0 0

0
0	100	0
0	0	0
1	1	1
1	1	1	1
0 0 0 0 0 0 0 0 0 0 0 0 0 0 0 0 0

0
0	100	0
0	0	0
1	1	1
1	1	1	1
0 0 0 0 0 0 0 0 0 0 0 0 0 0 0 0 0

0
0	100	0
0	0	0
1	1	1
1	1	1	1
0 0 0 0 0 0 0 0 0 0 0 0 0 0 0 0 0

0
0	100	0
0	0	0
1	1	1
1	1	1	1
0 0 0 0 0 0 0 0 0 0 0 0 0 0 0 0 0

0
0	100	0
0	0	0
1	1	1
1	1	1	1
0 0 0 0 0 0 0 0 0 0 0 0 0 0 0 0 0

0
0	100	0
0	0	0
1	1	1
1	1	1	1
0 0 0 0 0 0 0 0 0 0 0 0 0 0 0 0 0

0
0	100	0
0	0	0
1	1	1
1	1	1	1
0 0 0 0 0 0 0 0 0 0 0 0 0 0 0 0 0

0
0	100	0
0	0	0
1	1	1
1	1	1	1
0 0 0 0 0 0 0 0 0 0 0 0 0 0 0 0 0

0
0	100	0
0	0	0
1	1	1
1	1	1	1
0 0 0 0 0 0 0 0 0 0 0 0 0 0 0 0 0

0
0	100	0
0	0	0
1	1	1
1	1	1	1
0 0 0 0 0 0 0 0 0 0 0 0 0 0 0 0 0

0
0	100	0
0	0	0
1	1	1
1	1	1	1
0 0 0 0 0 0 0 0 0 0 0 0 0 0 0 0 0

0
0	100	0
0	0	0
1	1	1
1	1	1	1
0 0 0 0 0 0 0 0 0 0 0 0 0 0 0 0 0

0
0	100	0
0	0	0
1	1	1
1	1	1	1
0 0 0 0 0 0 0 0 0 0 0 0 0 0 0 0 0

0
0	100	0
0	0	0
1	1	1
1	1	1	1
0 0 0 0 0 0 0 0 0 0 0 0 0 0 0 0 0

0
0	100	0
0	0	0
1	1	1
1	1	1	1
0 0 0 0 0 0 0 0 0 0 0 0 0 0 0 0 0

0
0	100	0
0	0	0
1	1	1
1	1	1	1
0 0 0 0 0 0 0 0 0 0 0 0 0 0 0 0 0

0
0	100	0
0	0	0
1	1	1
1	1	1	1
0 0 0 0 0 0 0 0 0 0 0 0 0 0 0 0 0

0
0	100	0
0	0	0
1	1	1
1	1	1	1
0 0 0 0 0 0 0 0 0 0 0 0 0 0 0 0 0

0
0	100	0
0	0	0
1	1	1
1	1	1	1
0 0 0 0 0 0 0 0 0 0 0 0 0 0 0 0 0

0
0	100	0
0	0	0
1	1	1
1	1	1	1
0 0 0 0 0 0 0 0 0 0 0 0 0 0 0 0 0

0
0	100	0
0	0	0
1	1	1
1	1	1	1
0 0 0 0 0 0 0 0 0 0 0 0 0 0 0 0 0

0
0	100	0
0	0	0
1	1	1
1	1	1	1
0 0 0 0 0 0 0 0 0 0 0 0 0 0 0 0 0

0
0	100	0
0	0	0
1	1	1
1	1	1	1
0 0 0 0 0 0 0 0 0 0 0 0 0 0 0 0 0

0
0	100	0
0	0	0
1	1	1
1	1	1	1
0 0 0 0 0 0 0 0 0 0 0 0 0 0 0 0 0

0
0	100	0
0	0	0
1	1	1
1	1	1	1
0 0 0 0 0 0 0 0 0 0 0 0 0 0 0 0 0

0
0	100	0
0	0	0
1	1	1
1	1	1	1
0 0 0 0 0 0 0 0 0 0 0 0 0 0 0 0 0

0
0	100	0
0	0	0
1	1	1
1	1	1	1
0 0 0 0 0 0 0 0 0 0 0 0 0 0 0 0 0

0
0	100	0
0	0	0
1	1	1
1	1	1	1
0 0 0 0 0 0 0 0 0 0 0 0 0 0 0 0 0

0
0	100	0
0	0	0
1	1	1
1	1	1	1
0 0 0 0 0 0 0 0 0 0 0 0 0 0 0 0 0

0
0	100	0
0	0	0
1	1	1
1	1	1	1
0 0 0 0 0 0 0 0 0 0 0 0 0 0 0 0 0

0
0	100	0
0	0	0
1	1	1
1	1	1	1
0 0 0 0 0 0 0 0 0 0 0 0 0 0 0 0 0

0
0	100	0
0	0	0
1	1	1
1	1	1	1
0 0 0 0 0 0 0 0 0 0 0 0 0 0 0 0 0

0
0	100	0
0	0	0
1	1	1
1	1	1	1
0 0 0 0 0 0 0 0 0 0 0 0 0 0 0 0 0

0
0	100	0
0	0	0
1	1	1
1	1	1	1
0 0 0 0 0 0 0 0 0 0 0 0 0 0 0 0 0

0
0	100	0
0	0	0
1	1	1
1	1	1	1
0 0 0 0 0 0 0 0 0 0 0 0 0 0 0 0 0

0
0	100	0
0	0	0
1	1	1
1	1	1	1
0 0 0 0 0 0 0 0 0 0 0 0 0 0 0 0 0

0
0	100	0
0	0	0
1	1	1
1	1	1	1
0 0 0 0 0 0 0 0 0 0 0 0 0 0 0 0 0

0
0	100	0
0	0	0
1	1	1
1	1	1	1
0 0 0 0 0 0 0 0 0 0 0 0 0 0 0 0 0

0
0	100	0
0	0	0
1	1	1
1	1	1	1
0 0 0 0 0 0 0 0 0 0 0 0 0 0 0 0 0

0
0	100	0
0	0	0
1	1	1
1	1	1	1
0 0 0 0 0 0 0 0 0 0 0 0 0 0 0 0 0

0
0	100	0
0	0	0
1	1	1
1	1	1	1
0 0 0 0 0 0 0 0 0 0 0 0 0 0 0 0 0

0
0	100	0
0	0	0
1	1	1
1	1	1	1
0 0 0 0 0 0 0 0 0 0 0 0 0 0 0 0 0

0
0	100	0
0	0	0
1	1	1
1	1	1	1
0 0 0 0 0 0 0 0 0 0 0 0 0 0 0 0 0

0
0	100	0
0	0	0
1	1	1
1	1	1	1
0 0 0 0 0 0 0 0 0 0 0 0 0 0 0 0 0

0
0	100	0
0	0	0
1	1	1
1	1	1	1
0 0 0 0 0 0 0 0 0 0 0 0 0 0 0 0 0

0
0	100	0
0	0	0
1	1	1
1	1	1	1
0 0 0 0 0 0 0 0 0 0 0 0 0 0 0 0 0

0
0	100	0
0	0	0
1	1	1
1	1	1	1
0 0 0 0 0 0 0 0 0 0 0 0 0 0 0 0 0

0
0	100	0
0	0	0
1	1	1
1	1	1	1
0 0 0 0 0 0 0 0 0 0 0 0 0 0 0 0 0

0
0	100	0
0	0	0
1	1	1
1	1	1	1
0 0 0 0 0 0 0 0 0 0 0 0 0 0 0 0 0

0
0	100	0
0	0	0
1	1	1
1	1	1	1
0 0 0 0 0 0 0 0 0 0 0 0 0 0 0 0 0

0
0	100	0
0	0	0
1	1	1
1	1	1	1
0 0 0 0 0 0 0 0 0 0 0 0 0 0 0 0 0

0
0	100	0
0	0	0
1	1	1
1	1	1	1
0 0 0 0 0 0 0 0 0 0 0 0 0 0 0 0 0

0
0	100	0
0	0	0
1	1	1
1	1	1	1
0 0 0 0 0 0 0 0 0 0 0 0 0 0 0 0 0

0
0	100	0
0	0	0
1	1	1
1	1	1	1
0 0 0 0 0 0 0 0 0 0 0 0 0 0 0 0 0

0
0	100	0
0	0	0
1	1	1
1	1	1	1
0 0 0 0 0 0 0 0 0 0 0 0 0 0 0 0 0

0
0	100	0
0	0	0
1	1	1
1	1	1	1
0 0 0 0 0 0 0 0 0 0 0 0 0 0 0 0 0

0
0	100	0
0	0	0
1	1	1
1	1	1	1
0 0 0 0 0 0 0 0 0 0 0 0 0 0 0 0 0

0
0	100	0
0	0	0
1	1	1
1	1	1	1
0 0 0 0 0 0 0 0 0 0 0 0 0 0 0 0 0

0
0	100	0
0	0	0
1	1	1
1	1	1	1
0 0 0 0 0 0 0 0 0 0 0 0 0 0 0 0 0

0
0	100	0
0	0	0
1	1	1
1	1	1	1
0 0 0 0 0 0 0 0 0 0 0 0 0 0 0 0 0

0
0	100	0
0	0	0
1	1	1
1	1	1	1
0 0 0 0 0 0 0 0 0 0 0 0 0 0 0 0 0

0
0	100	0
0	0	0
1	1	1
1	1	1	1
0 0 0 0 0 0 0 0 0 0 0 0 0 0 0 0 0

0
0	100	0
0	0	0
1	1	1
1	1	1	1
0 0 0 0 0 0 0 0 0 0 0 0 0 0 0 0 0

0
0	100	0
0	0	0
1	1	1
1	1	1	1
0 0 0 0 0 0 0 0 0 0 0 0 0 0 0 0 0

0
0	100	0
0	0	0
1	1	1
1	1	1	1
0 0 0 0 0 0 0 0 0 0 0 0 0 0 0 0 0

0
0	100	0
0	0	0
1	1	1
1	1	1	1
0 0 0 0 0 0 0 0 0 0 0 0 0 0 0 0 0

0
0	100	0
0	0	0
1	1	1
1	1	1	1
0 0 0 0 0 0 0 0 0 0 0 0 0 0 0 0 0

0
0	100	0
0	0	0
1	1	1
1	1	1	1
0 0 0 0 0 0 0 0 0 0 0 0 0 0 0 0 0

0
0	100	0
0	0	0
1	1	1
1	1	1	1
0 0 0 0 0 0 0 0 0 0 0 0 0 0 0 0 0

0
0	100	0
0	0	0
1	1	1
1	1	1	1
0 0 0 0 0 0 0 0 0 0 0 0 0 0 0 0 0

0
0	100	0
0	0	0
1	1	1
1	1	1	1
0 0 0 0 0 0 0 0 0 0 0 0 0 0 0 0 0

0
0	100	0
0	0	0
1	1	1
1	1	1	1
0 0 0 0 0 0 0 0 0 0 0 0 0 0 0 0 0

0
0	100	0
0	0	0
1	1	1
1	1	1	1
0 0 0 0 0 0 0 0 0 0 0 0 0 0 0 0 0

0
0	100	0
0	0	0
1	1	1
1	1	1	1
0 0 0 0 0 0 0 0 0 0 0 0 0 0 0 0 0

0
0	100	0
0	0	0
1	1	1
1	1	1	1
0 0 0 0 0 0 0 0 0 0 0 0 0 0 0 0 0

0
0	100	0
0	0	0
1	1	1
1	1	1	1
0 0 0 0 0 0 0 0 0 0 0 0 0 0 0 0 0

0
0	100	0
0	0	0
1	1	1
1	1	1	1
0 0 0 0 0 0 0 0 0 0 0 0 0 0 0 0 0

0
0	100	0
0	0	0
1	1	1
1	1	1	1
0 0 0 0 0 0 0 0 0 0 0 0 0 0 0 0 0

0
0	100	0
0	0	0
1	1	1
1	1	1	1
0 0 0 0 0 0 0 0 0 0 0 0 0 0 0 0 0

0
0	100	0
0	0	0
1	1	1
1	1	1	1
0 0 0 0 0 0 0 0 0 0 0 0 0 0 0 0 0

0
0	100	0
0	0	0
1	1	1
1	1	1	1
0 0 0 0 0 0 0 0 0 0 0 0 0 0 0 0 0

0
0	100	0
0	0	0
1	1	1
1	1	1	1
0 0 0 0 0 0 0 0 0 0 0 0 0 0 0 0 0

0
0	100	0
0	0	0
1	1	1
1	1	1	1
0 0 0 0 0 0 0 0 0 0 0 0 0 0 0 0 0

0
0	100	0
0	0	0
1	1	1
1	1	1	1
0 0 0 0 0 0 0 0 0 0 0 0 0 0 0 0 0

0
0	100	0
0	0	0
1	1	1
1	1	1	1
0 0 0 0 0 0 0 0 0 0 0 0 0 0 0 0 0

0
0	100	0
0	0	0
1	1	1
1	1	1	1
0 0 0 0 0 0 0 0 0 0 0 0 0 0 0 0 0

0
0	100	0
0	0	0
1	1	1
1	1	1	1
0 0 0 0 0 0 0 0 0 0 0 0 0 0 0 0 0

0
0	100	0
0	0	0
1	1	1
1	1	1	1
0 0 0 0 0 0 0 0 0 0 0 0 0 0 0 0 0

0
0	100	0
0	0	0
1	1	1
1	1	1	1
0 0 0 0 0 0 0 0 0 0 0 0 0 0 0 0 0

0
0	100	0
0	0	0
1	1	1
1	1	1	1
0 0 0 0 0 0 0 0 0 0 0 0 0 0 0 0 0

0
0	100	0
0	0	0
1	1	1
1	1	1	1
0 0 0 0 0 0 0 0 0 0 0 0 0 0 0 0 0

0
0	100	0
0	0	0
1	1	1
1	1	1	1
0 0 0 0 0 0 0 0 0 0 0 0 0 0 0 0 0

0
0	100	0
0	0	0
1	1	1
1	1	1	1
0 0 0 0 0 0 0 0 0 0 0 0 0 0 0 0 0

0
0	100	0
0	0	0
1	1	1
1	1	1	1
0 0 0 0 0 0 0 0 0 0 0 0 0 0 0 0 0

0
0	100	0
0	0	0
1	1	1
1	1	1	1
0 0 0 0 0 0 0 0 0 0 0 0 0 0 0 0 0

0
0	100	0
0	0	0
1	1	1
1	1	1	1
0 0 0 0 0 0 0 0 0 0 0 0 0 0 0 0 0

0
0	100	0
0	0	0
1	1	1
1	1	1	1
0 0 0 0 0 0 0 0 0 0 0 0 0 0 0 0 0

0
0	100	0
0	0	0
1	1	1
1	1	1	1
0 0 0 0 0 0 0 0 0 0 0 0 0 0 0 0 0

0
0	100	0
0	0	0
1	1	1
1	1	1	1
0 0 0 0 0 0 0 0 0 0 0 0 0 0 0 0 0

0
0	100	0
0	0	0
1	1	1
1	1	1	1
0 0 0 0 0 0 0 0 0 0 0 0 0 0 0 0 0

0
0	100	0
0	0	0
1	1	1
1	1	1	1
0 0 0 0 0 0 0 0 0 0 0 0 0 0 0 0 0

0
0	100	0
0	0	0
1	1	1
1	1	1	1
0 0 0 0 0 0 0 0 0 0 0 0 0 0 0 0 0

0
0	100	0
0	0	0
1	1	1
1	1	1	1
0 0 0 0 0 0 0 0 0 0 0 0 0 0 0 0 0

0
0	100	0
0	0	0
1	1	1
1	1	1	1
0 0 0 0 0 0 0 0 0 0 0 0 0 0 0 0 0

0
0	100	0
0	0	0
1	1	1
1	1	1	1
0 0 0 0 0 0 0 0 0 0 0 0 0 0 0 0 0

0
0	100	0
0	0	0
1	1	1
1	1	1	1
0 0 0 0 0 0 0 0 0 0 0 0 0 0 0 0 0

0
0	100	0
0	0	0
1	1	1
1	1	1	1
0 0 0 0 0 0 0 0 0 0 0 0 0 0 0 0 0

0
0	100	0
0	0	0
1	1	1
1	1	1	1
0 0 0 0 0 0 0 0 0 0 0 0 0 0 0 0 0

0
0	100	0
0	0	0
1	1	1
1	1	1	1
0 0 0 0 0 0 0 0 0 0 0 0 0 0 0 0 0

0
0	100	0
0	0	0
1	1	1
1	1	1	1
0 0 0 0 0 0 0 0 0 0 0 0 0 0 0 0 0

0
0	100	0
0	0	0
1	1	1
1	1	1	1
0 0 0 0 0 0 0 0 0 0 0 0 0 0 0 0 0

0
0	100	0
0	0	0
1	1	1
1	1	1	1
0 0 0 0 0 0 0 0 0 0 0 0 0 0 0 0 0

0
0	100	0
0	0	0
1	1	1
1	1	1	1
0 0 0 0 0 0 0 0 0 0 0 0 0 0 0 0 0

0
0	100	0
0	0	0
1	1	1
1	1	1	1
0 0 0 0 0 0 0 0 0 0 0 0 0 0 0 0 0

0
0	100	0
0	0	0
1	1	1
1	1	1	1
0 0 0 0 0 0 0 0 0 0 0 0 0 0 0 0 0

